2016 MONTHLY CO2 (PPMV)   24  12  LON/LAT (N-S/0-360E) IN 15 DEGREE RESOLUTION,  GLB ANNUAL MEAN = 403.27,  GROWTH RATE = 3.10,  MISS DATA = -99.99
 409.21 409.21 409.21 409.21 409.21 409.21 409.21 409.21 409.21 409.21 409.21 409.21 409.21 409.21 409.21 409.21 409.21 409.21 409.21 409.21 409.21 409.21 409.21 409.21
 409.98 411.70 412.76 411.59 409.47 408.12 408.15 409.30 409.83 409.73 409.27 408.85 408.70 408.47 408.54 409.85 410.66 411.04 409.85 408.57 407.38 406.67 406.87 407.46
 410.26 413.25 413.61 410.18 408.03 406.61 407.18 409.05 410.26 410.07 409.04 408.30 407.98 407.78 407.58 408.41 410.34 411.00 410.31 408.49 406.33 405.87 406.14 406.64
 408.82 413.03 412.78 409.49 407.00 405.92 407.88 409.89 411.41 409.33 408.04 406.98 406.57 406.24 406.05 407.05 407.64 409.22 408.73 406.90 405.25 404.69 405.04 405.09
 406.26 408.32 409.85 406.96 405.45 405.59 408.23 411.87 410.90 408.69 406.29 405.26 404.69 404.41 404.72 405.40 405.70 405.94 406.12 405.63 404.12 403.61 403.59 403.61
 403.13 404.59 405.13 404.74 403.90 404.47 407.37 408.23 408.30 404.89 403.53 402.89 402.71 402.95 403.52 403.99 403.52 403.52 403.86 404.12 403.48 402.54 402.25 402.28
 401.34 401.50 402.10 402.44 402.78 403.38 403.97 404.29 402.77 401.56 400.67 400.75 401.00 401.55 402.22 402.34 401.96 402.01 402.69 402.85 402.41 401.64 401.32 401.10
 400.24 400.37 400.66 401.15 401.44 401.55 401.62 400.71 399.41 398.55 398.81 399.27 399.77 400.44 400.99 401.08 400.88 400.88 401.19 401.38 401.17 400.99 400.76 400.51
 399.63 399.39 399.45 399.43 399.70 400.14 400.28 399.66 399.04 398.61 398.74 398.95 399.35 399.78 400.28 400.64 400.60 400.30 399.92 399.70 399.87 400.04 400.13 399.89
 398.94 398.71 398.41 398.33 398.52 398.83 398.93 398.74 398.64 398.61 398.68 398.85 399.08 399.46 399.92 400.29 400.18 399.50 398.85 398.63 398.80 399.11 399.29 399.26
 398.61 398.40 398.30 398.36 398.51 398.54 398.47 398.40 398.47 398.58 398.67 398.76 398.97 399.23 399.61 399.77 399.44 398.78 398.41 398.29 398.42 398.62 398.80 398.78
 398.64 398.64 398.64 398.64 398.64 398.64 398.64 398.64 398.64 398.64 398.64 398.64 398.64 398.64 398.64 398.64 398.64 398.64 398.64 398.64 398.64 398.64 398.64 398.64
 409.51 409.51 409.51 409.51 409.51 409.51 409.51 409.51 409.51 409.51 409.51 409.51 409.51 409.51 409.51 409.51 409.51 409.51 409.51 409.51 409.51 409.51 409.51 409.51
 410.60 412.21 413.25 412.54 410.48 408.68 408.23 409.07 409.58 409.58 409.22 408.88 408.82 408.63 408.57 409.20 409.85 410.29 409.72 408.95 408.22 407.73 407.86 408.52
 410.01 412.54 413.49 411.46 409.48 407.65 407.65 409.31 410.57 410.57 409.41 408.61 408.44 408.40 407.92 408.27 409.54 410.29 409.91 408.88 407.43 406.84 406.82 407.16
 408.30 411.86 412.64 410.76 408.87 407.83 408.67 410.23 411.73 410.18 408.73 407.67 407.49 407.23 406.75 407.21 407.61 408.74 408.64 407.74 406.53 405.82 405.72 405.76
 406.30 408.18 409.96 408.33 407.33 407.51 409.39 411.51 410.76 409.19 406.98 406.15 405.87 405.55 405.58 405.97 406.01 406.17 406.59 406.60 405.51 404.81 404.57 404.33
 403.54 404.77 405.61 405.66 405.22 405.82 407.65 407.99 407.67 405.05 404.05 403.63 403.69 404.03 404.36 404.43 403.64 403.74 404.43 405.11 404.58 403.60 403.11 403.06
 401.55 401.57 402.52 403.34 403.63 403.65 403.81 403.88 402.62 401.57 400.98 401.16 401.61 402.37 402.86 402.48 401.57 401.70 402.99 403.64 403.25 402.27 401.93 401.62
 400.23 400.17 400.80 401.74 401.91 401.51 401.24 400.49 399.43 398.71 398.92 399.44 400.11 400.95 401.25 400.70 400.03 400.16 401.03 401.75 401.63 401.36 401.16 400.81
 399.66 399.42 399.56 399.70 399.86 400.07 400.02 399.54 399.07 398.72 398.82 399.02 399.54 400.06 400.18 400.05 399.69 399.57 399.58 399.69 400.01 400.20 400.37 400.08
 399.02 398.77 398.48 398.31 398.40 398.63 398.79 398.69 398.68 398.74 398.81 398.96 399.20 399.62 399.77 399.73 399.45 398.96 398.57 398.49 398.73 399.10 399.30 399.29
 398.62 398.45 398.30 398.26 398.26 398.30 398.32 398.36 398.49 398.72 398.87 398.95 399.14 399.38 399.63 399.49 399.04 398.48 398.24 398.16 398.29 398.50 398.69 398.72
 398.59 398.59 398.59 398.59 398.59 398.59 398.59 398.59 398.59 398.59 398.59 398.59 398.59 398.59 398.59 398.59 398.59 398.59 398.59 398.59 398.59 398.59 398.59 398.59
 410.32 410.32 410.32 410.32 410.32 410.32 410.32 410.32 410.32 410.32 410.32 410.32 410.32 410.32 410.32 410.32 410.32 410.32 410.32 410.32 410.32 410.32 410.32 410.32
 411.03 412.69 413.89 413.50 411.62 410.09 409.89 410.81 411.43 411.13 410.25 409.45 409.23 409.03 408.99 409.73 410.47 410.97 410.44 409.57 408.68 408.05 408.34 409.13
 411.42 413.74 414.68 412.18 410.58 409.17 409.18 410.98 412.29 412.19 410.50 409.26 408.96 408.83 408.39 408.71 409.82 410.80 410.60 409.81 408.06 407.45 407.60 408.11
 410.24 414.46 414.07 411.53 409.87 409.45 410.38 411.73 413.45 411.77 410.08 408.71 408.28 407.97 407.44 407.73 407.80 408.96 409.53 408.68 407.38 406.70 406.76 406.97
 408.31 410.36 411.85 408.94 408.05 408.83 410.79 412.94 412.11 410.83 408.50 407.43 406.90 406.51 406.56 406.71 406.33 406.70 407.25 407.55 406.36 405.74 405.65 405.53
 404.45 405.91 406.54 406.36 405.47 406.01 407.72 408.44 408.54 406.41 405.45 404.82 404.62 404.97 405.30 405.20 404.18 404.19 405.09 405.84 405.38 404.35 403.87 403.82
 401.90 401.87 402.89 403.75 403.47 402.65 402.28 403.11 402.94 402.65 402.01 402.03 402.32 403.09 403.52 402.92 401.67 401.79 403.35 404.23 403.88 402.79 402.37 401.98
 400.36 400.30 401.08 402.18 401.76 400.34 399.42 399.39 399.41 399.48 399.68 400.10 400.64 401.41 401.57 400.67 399.73 399.92 401.12 402.17 402.13 401.76 401.46 401.01
 399.84 399.66 399.94 400.20 399.98 399.61 399.12 399.14 399.20 399.21 399.42 399.64 399.98 400.35 400.24 399.86 399.35 399.38 399.68 400.02 400.43 400.55 400.65 400.29
 399.30 399.13 398.96 398.80 398.67 398.68 398.85 398.93 398.98 399.09 399.22 399.44 399.65 399.84 399.77 399.55 399.24 398.97 398.80 398.84 399.10 399.41 399.55 399.52
 398.96 398.89 398.78 398.62 398.42 398.46 398.65 398.82 398.90 399.04 399.17 399.29 399.49 399.66 399.71 399.46 399.07 398.72 398.59 398.55 398.64 398.77 398.91 398.97
 398.89 398.89 398.89 398.89 398.89 398.89 398.89 398.89 398.89 398.89 398.89 398.89 398.89 398.89 398.89 398.89 398.89 398.89 398.89 398.89 398.89 398.89 398.89 398.89
 409.80 409.80 409.80 409.80 409.80 409.80 409.80 409.80 409.80 409.80 409.80 409.80 409.80 409.80 409.80 409.80 409.80 409.80 409.80 409.80 409.80 409.80 409.80 409.80
 409.94 411.05 411.25 410.76 409.83 409.99 410.52 411.17 411.63 411.51 411.05 410.42 410.02 409.59 409.12 408.93 409.10 409.68 409.68 409.34 408.69 408.35 408.54 408.82
 412.21 414.11 415.10 410.46 410.06 410.09 410.51 411.81 412.77 412.75 411.25 410.23 409.78 409.46 408.78 408.37 408.46 408.84 408.91 408.49 407.94 407.93 408.08 407.91
 411.87 418.91 416.28 411.77 410.19 411.32 411.71 412.47 413.61 412.40 410.69 409.35 409.07 408.81 408.35 408.04 407.47 407.61 407.68 407.61 407.21 407.33 407.50 407.06
 410.79 413.64 415.25 409.03 408.69 410.73 412.41 412.62 411.96 411.21 408.96 407.86 407.45 407.46 407.64 407.60 406.90 406.64 406.93 407.06 406.69 406.39 406.24 405.79
 405.32 407.50 407.39 406.50 405.75 407.76 409.05 409.31 409.08 407.96 406.63 405.38 405.01 405.56 406.25 406.13 405.21 405.19 405.93 406.46 405.79 404.64 404.03 404.15
 402.28 402.14 402.67 402.91 403.53 403.83 404.26 404.63 404.81 404.52 403.52 402.69 402.53 403.50 404.13 403.74 402.52 402.67 404.21 404.89 404.07 402.59 402.17 402.00
 400.61 400.64 401.12 401.81 401.90 401.54 401.30 401.29 401.06 401.10 401.12 400.97 401.04 401.70 402.07 401.29 400.40 400.62 401.79 402.54 402.00 401.35 401.11 400.95
 400.17 400.03 400.24 400.40 400.47 400.51 400.43 400.12 399.77 399.66 400.10 400.48 400.48 400.69 400.64 400.43 400.00 400.04 400.28 400.39 400.51 400.45 400.56 400.40
 399.68 399.59 399.48 399.40 399.35 399.43 399.58 399.55 399.50 399.53 399.80 400.08 400.26 400.16 400.13 400.06 399.88 399.64 399.46 399.44 399.56 399.73 399.81 399.82
 399.42 399.40 399.35 399.25 399.11 399.12 399.24 399.35 399.38 399.43 399.53 399.71 399.94 400.05 399.99 399.89 399.67 399.41 399.29 399.25 399.27 399.30 399.35 399.40
 399.41 399.41 399.41 399.41 399.41 399.41 399.41 399.41 399.41 399.41 399.41 399.41 399.41 399.41 399.41 399.41 399.41 399.41 399.41 399.41 399.41 399.41 399.41 399.41
 408.30 408.30 408.30 408.30 408.30 408.30 408.30 408.30 408.30 408.30 408.30 408.30 408.30 408.30 408.30 408.30 408.30 408.30 408.30 408.30 408.30 408.30 408.30 408.30
 407.67 407.69 407.72 407.36 407.53 408.24 409.12 409.90 410.29 410.33 410.23 410.04 409.98 409.80 408.81 406.80 405.57 405.84 406.74 407.59 407.88 407.81 407.51 407.19
 406.73 407.74 407.96 407.74 408.31 408.55 409.05 409.83 410.61 410.76 410.14 409.83 409.76 409.84 408.66 407.10 405.54 405.42 405.85 406.74 407.27 407.40 407.09 406.52
 406.49 407.22 407.95 407.94 408.89 410.17 410.06 410.30 410.68 410.40 409.58 408.95 409.02 408.95 408.48 407.48 406.35 405.84 406.18 406.79 406.93 407.04 406.87 406.29
 406.15 405.97 406.20 405.91 407.57 409.73 411.15 410.20 409.78 409.63 408.40 407.63 407.22 407.47 407.65 407.63 406.99 406.84 407.05 407.13 406.83 406.38 406.06 405.70
 404.59 404.58 403.71 403.20 404.52 407.10 408.16 408.09 407.59 407.35 406.44 405.32 404.94 405.49 406.33 406.21 405.61 405.79 406.53 406.87 406.03 404.82 404.14 404.33
 402.74 402.25 401.91 401.29 402.26 403.30 404.25 404.28 404.46 404.34 403.68 402.91 402.64 403.67 404.26 403.96 402.79 403.08 404.67 405.31 404.33 402.78 402.40 402.36
 401.29 401.17 401.01 400.94 401.11 401.44 401.66 401.63 401.37 401.44 401.51 401.34 401.38 401.96 402.33 401.48 400.57 400.86 402.13 402.91 402.28 401.56 401.41 401.43
 400.91 400.73 400.57 400.38 400.45 400.68 400.82 400.52 400.24 400.20 400.66 400.98 400.83 401.00 400.88 400.64 400.20 400.36 400.76 400.94 400.99 400.84 400.99 401.00
 400.42 400.30 400.09 399.96 399.91 399.96 399.98 399.92 399.95 400.11 400.44 400.63 400.67 400.44 400.36 400.28 400.19 400.15 400.15 400.20 400.26 400.32 400.37 400.47
 400.07 400.01 399.92 399.86 399.80 399.74 399.69 399.67 399.79 400.01 400.20 400.35 400.43 400.39 400.23 400.19 400.15 400.12 400.11 400.10 400.06 399.99 399.98 400.04
 399.99 399.99 399.99 399.99 399.99 399.99 399.99 399.99 399.99 399.99 399.99 399.99 399.99 399.99 399.99 399.99 399.99 399.99 399.99 399.99 399.99 399.99 399.99 399.99
 404.57 404.57 404.57 404.57 404.57 404.57 404.57 404.57 404.57 404.57 404.57 404.57 404.57 404.57 404.57 404.57 404.57 404.57 404.57 404.57 404.57 404.57 404.57 404.57
 404.13 404.17 404.53 404.26 403.90 403.82 404.66 405.79 406.46 406.35 406.06 405.95 406.34 406.40 405.24 402.58 400.62 400.20 401.42 403.15 404.21 404.55 404.12 403.81
 403.29 404.21 404.57 404.21 403.68 403.27 403.50 405.17 406.22 406.68 405.99 405.97 406.38 406.53 405.49 403.54 401.50 400.12 400.60 402.09 404.35 404.71 404.07 403.25
 403.59 404.10 404.54 404.03 403.59 403.19 402.87 404.17 406.07 406.75 406.30 406.14 406.40 406.36 405.95 404.73 403.89 402.62 401.89 403.46 404.75 405.09 404.48 403.74
 404.36 403.82 403.67 403.02 402.72 402.61 402.41 403.25 405.19 406.73 406.36 405.99 405.68 405.83 405.82 405.71 405.75 405.10 405.15 404.77 405.49 405.18 404.67 404.18
 404.09 403.80 402.62 401.83 401.48 401.27 400.90 401.92 403.42 405.34 405.40 404.64 404.35 404.71 405.23 404.96 404.67 405.08 405.50 405.74 405.15 404.55 403.96 404.07
 403.23 402.66 401.97 401.06 400.52 399.86 399.57 400.26 401.77 403.06 403.29 402.84 402.69 403.60 403.91 403.52 402.53 402.84 404.06 404.74 404.31 403.51 403.17 403.02
 402.14 401.94 401.44 401.03 400.32 399.55 399.04 399.56 400.47 401.28 401.53 401.51 401.68 402.23 402.49 401.66 400.84 401.12 402.07 402.85 402.87 402.67 402.54 402.40
 401.58 401.30 401.09 400.81 400.37 399.93 399.54 399.81 400.23 400.67 400.97 401.17 401.10 401.35 401.23 400.97 400.58 400.80 401.21 401.51 401.69 401.85 401.96 401.79
 400.93 400.80 400.65 400.60 400.41 400.20 400.04 400.07 400.35 400.68 400.97 400.98 400.92 400.76 400.72 400.66 400.63 400.81 400.95 401.05 401.06 401.10 401.09 401.11
 400.57 400.51 400.46 400.44 400.39 400.28 400.16 400.11 400.31 400.65 400.90 400.96 400.86 400.73 400.57 400.60 400.71 400.83 400.89 400.87 400.81 400.64 400.57 400.57
 400.56 400.56 400.56 400.56 400.56 400.56 400.56 400.56 400.56 400.56 400.56 400.56 400.56 400.56 400.56 400.56 400.56 400.56 400.56 400.56 400.56 400.56 400.56 400.56
 397.22 397.22 397.22 397.22 397.22 397.22 397.22 397.22 397.22 397.22 397.22 397.22 397.22 397.22 397.22 397.22 397.22 397.22 397.22 397.22 397.22 397.22 397.22 397.22
 399.26 397.92 396.53 395.42 396.29 397.40 398.26 398.43 398.95 399.17 399.43 399.12 398.78 398.42 398.03 396.29 394.93 394.45 395.57 397.24 398.48 399.17 399.01 399.01
 399.83 400.29 398.85 397.46 397.94 398.46 398.38 400.04 400.88 401.85 400.63 400.20 399.99 399.92 399.23 398.15 396.80 395.35 395.80 397.10 400.06 400.71 400.15 399.48
 400.84 401.11 400.70 399.44 399.27 399.28 399.09 400.58 403.50 403.69 402.56 401.80 401.63 401.49 401.16 400.14 400.36 399.16 397.66 399.61 401.65 402.35 401.67 400.75
 401.80 401.14 400.93 400.56 400.21 399.81 399.31 401.17 402.97 404.70 403.81 403.18 402.84 402.92 402.59 402.37 402.83 402.05 401.95 401.38 403.04 403.27 402.79 402.09
 402.76 402.35 401.62 401.37 400.53 399.54 398.93 400.18 401.94 403.73 403.96 403.28 403.13 403.34 403.38 402.76 402.43 402.75 402.82 403.08 403.06 403.32 403.11 403.08
 403.09 402.69 402.30 401.88 400.61 398.99 397.96 398.98 400.77 402.36 402.71 402.57 402.62 403.22 403.11 402.46 401.63 401.77 402.48 403.08 403.31 403.36 403.32 403.20
 402.60 402.34 401.97 401.74 400.60 399.05 398.03 398.83 400.30 401.38 401.66 401.74 401.97 402.36 402.39 401.60 400.91 401.07 401.65 402.35 402.83 403.10 403.18 403.00
 401.96 401.64 401.56 401.40 400.75 399.96 399.28 399.85 400.57 401.14 401.29 401.38 401.36 401.60 401.44 401.14 400.78 400.97 401.35 401.71 402.01 402.36 402.53 402.28
 401.31 401.20 401.13 401.13 400.92 400.66 400.53 400.64 400.92 401.15 401.27 401.22 401.15 401.04 400.98 400.89 400.85 401.06 401.22 401.34 401.41 401.55 401.61 401.57
 401.06 401.02 401.02 400.99 400.94 400.90 400.89 400.90 400.99 401.15 401.25 401.25 401.13 401.01 400.87 400.87 400.97 401.11 401.19 401.18 401.17 401.11 401.10 401.08
 401.03 401.03 401.03 401.03 401.03 401.03 401.03 401.03 401.03 401.03 401.03 401.03 401.03 401.03 401.03 401.03 401.03 401.03 401.03 401.03 401.03 401.03 401.03 401.03
 394.03 394.03 394.03 394.03 394.03 394.03 394.03 394.03 394.03 394.03 394.03 394.03 394.03 394.03 394.03 394.03 394.03 394.03 394.03 394.03 394.03 394.03 394.03 394.03
 395.93 395.84 395.26 394.67 395.99 396.85 396.40 395.05 395.00 395.61 396.22 395.86 394.93 394.30 394.90 394.86 394.36 393.38 393.28 393.84 394.64 395.04 394.76 394.96
 397.22 398.40 397.70 396.98 397.96 398.78 398.06 398.40 398.76 399.82 398.70 397.47 396.58 396.58 396.47 396.64 396.18 394.94 394.63 395.24 396.94 397.03 396.45 396.11
 398.38 399.40 399.75 399.16 399.28 399.41 399.40 400.09 402.56 402.72 400.97 399.15 398.55 398.52 398.59 398.20 398.83 398.10 396.87 397.95 399.08 399.30 398.54 397.94
 399.62 399.77 400.28 400.55 400.05 399.61 399.07 400.88 402.17 403.25 401.94 400.68 400.36 400.63 400.38 400.20 400.54 400.25 400.19 399.61 400.52 400.76 400.48 399.93
 401.37 401.31 401.33 401.51 400.39 398.94 398.36 399.54 401.05 401.92 401.90 401.40 401.72 401.99 401.85 401.13 400.85 401.08 400.91 400.89 400.90 401.56 401.74 401.70
 402.56 402.47 402.27 402.14 400.47 398.41 397.01 398.32 399.93 401.12 401.32 401.78 402.26 402.67 402.43 401.78 401.31 401.25 401.23 401.30 401.84 402.49 402.73 402.72
 402.75 402.61 402.25 401.99 400.57 398.59 397.28 398.26 399.83 400.83 401.19 401.55 401.99 402.25 402.30 401.87 401.52 401.41 401.30 401.51 402.15 402.75 403.02 402.96
 402.21 401.94 401.85 401.66 400.87 399.92 399.09 399.75 400.54 401.23 401.33 401.44 401.46 401.69 401.73 401.68 401.47 401.43 401.40 401.54 401.84 402.30 402.52 402.40
 401.65 401.58 401.47 401.45 401.25 401.03 400.90 401.01 401.27 401.45 401.52 401.39 401.29 401.23 401.34 401.43 401.45 401.43 401.40 401.38 401.50 401.69 401.85 401.86
 401.47 401.45 401.44 401.42 401.40 401.43 401.47 401.49 401.51 401.57 401.59 401.53 401.35 401.21 401.16 401.29 401.39 401.44 401.43 401.44 401.44 401.45 401.48 401.48
 401.44 401.44 401.44 401.44 401.44 401.44 401.44 401.44 401.44 401.44 401.44 401.44 401.44 401.44 401.44 401.44 401.44 401.44 401.44 401.44 401.44 401.44 401.44 401.44
 397.79 397.79 397.79 397.79 397.79 397.79 397.79 397.79 397.79 397.79 397.79 397.79 397.79 397.79 397.79 397.79 397.79 397.79 397.79 397.79 397.79 397.79 397.79 397.79
 399.66 400.39 399.95 398.58 399.11 399.85 399.67 398.91 398.82 399.27 399.51 399.16 398.43 397.98 398.60 399.40 399.80 399.30 398.20 397.22 396.91 397.00 397.07 397.47
 400.77 402.96 401.94 400.11 400.25 400.80 400.86 401.28 401.80 402.23 401.28 399.96 399.19 399.44 399.74 400.18 400.76 400.11 399.29 398.12 397.92 397.67 397.72 398.36
 401.14 402.54 402.99 401.61 400.89 400.54 401.84 402.92 404.70 403.83 402.00 400.09 399.67 399.87 400.41 400.77 400.96 400.77 399.53 398.99 398.76 398.69 398.60 399.04
 400.54 401.30 401.94 401.97 400.87 400.27 401.04 404.02 404.28 403.40 401.44 400.20 400.18 400.58 400.93 400.93 401.07 400.44 400.33 399.54 399.52 399.68 399.98 400.16
 401.32 401.55 401.97 402.08 400.69 399.12 399.80 401.44 402.92 401.83 401.01 400.65 401.19 401.55 401.52 401.22 400.93 400.95 400.54 400.35 400.25 400.95 401.38 401.38
 402.21 402.29 402.21 402.18 400.39 398.47 397.19 399.11 400.58 401.47 401.05 401.39 401.92 402.25 402.19 401.84 401.72 401.51 401.06 400.80 401.41 402.23 402.44 402.35
 402.51 402.50 402.24 402.06 400.57 398.44 397.04 398.18 399.98 401.12 401.31 401.50 401.77 402.00 402.25 402.29 402.27 401.99 401.42 401.29 401.98 402.64 402.81 402.66
 402.11 401.92 401.91 401.80 400.99 399.95 399.04 399.79 400.70 401.42 401.41 401.38 401.33 401.58 401.93 402.24 402.26 402.01 401.60 401.56 401.83 402.32 402.44 402.27
 401.70 401.65 401.61 401.64 401.47 401.21 401.04 401.15 401.43 401.59 401.57 401.38 401.22 401.21 401.57 401.97 402.12 401.89 401.66 401.49 401.64 401.80 401.94 401.90
 401.61 401.58 401.60 401.63 401.66 401.67 401.67 401.66 401.66 401.67 401.65 401.56 401.33 401.18 401.27 401.64 401.85 401.85 401.75 401.77 401.70 401.69 401.67 401.64
 401.63 401.63 401.63 401.63 401.63 401.63 401.63 401.63 401.63 401.63 401.63 401.63 401.63 401.63 401.63 401.63 401.63 401.63 401.63 401.63 401.63 401.63 401.63 401.63
 404.20 404.20 404.20 404.20 404.20 404.20 404.20 404.20 404.20 404.20 404.20 404.20 404.20 404.20 404.20 404.20 404.20 404.20 404.20 404.20 404.20 404.20 404.20 404.20
 405.61 406.10 405.18 403.53 403.52 404.29 404.97 405.33 405.65 405.74 405.53 405.12 404.77 404.60 405.11 407.00 408.00 407.47 405.16 403.21 402.43 402.33 402.75 403.46
 405.90 407.65 406.55 404.52 404.25 404.50 405.11 406.58 407.52 407.60 406.09 404.88 404.30 404.31 404.75 405.84 407.85 407.62 406.29 404.31 402.71 402.21 402.54 403.52
 404.71 406.21 406.84 405.49 404.65 404.29 405.24 406.65 408.48 407.34 405.42 403.74 403.23 403.23 403.64 404.80 405.25 406.14 405.32 403.83 402.60 401.87 402.01 402.60
 402.56 403.59 404.65 404.63 403.82 403.56 404.24 406.01 406.03 405.38 403.50 402.52 402.28 402.37 402.88 403.29 403.64 403.49 403.60 402.96 401.93 401.61 401.77 402.03
 402.21 402.56 403.17 403.32 402.45 401.61 401.98 402.77 403.40 402.70 402.28 401.95 402.08 402.28 402.47 402.65 402.43 402.37 402.18 402.06 401.77 401.97 402.27 402.17
 402.34 402.24 402.30 402.45 401.31 399.88 398.97 400.24 401.40 402.11 401.83 401.89 402.08 402.32 402.35 402.15 401.91 401.82 401.72 401.66 402.12 402.71 402.85 402.65
 402.29 402.12 402.09 402.21 401.13 399.41 398.29 399.28 400.80 401.81 401.74 401.65 401.69 401.88 402.00 401.81 401.61 401.51 401.34 401.56 402.27 402.89 403.02 402.72
 401.90 401.70 401.80 401.86 401.29 400.46 399.74 400.39 401.18 401.73 401.64 401.41 401.22 401.37 401.55 401.63 401.56 401.46 401.32 401.45 401.82 402.40 402.56 402.25
 401.60 401.54 401.57 401.64 401.52 401.30 401.20 401.33 401.55 401.69 401.62 401.35 401.07 401.00 401.21 401.43 401.53 401.47 401.40 401.30 401.52 401.80 402.00 401.88
 401.60 401.56 401.59 401.60 401.60 401.61 401.62 401.64 401.65 401.68 401.65 401.51 401.21 401.00 401.00 401.25 401.46 401.57 401.55 401.60 401.59 401.69 401.74 401.69
 401.56 401.56 401.56 401.56 401.56 401.56 401.56 401.56 401.56 401.56 401.56 401.56 401.56 401.56 401.56 401.56 401.56 401.56 401.56 401.56 401.56 401.56 401.56 401.56
 408.65 408.65 408.65 408.65 408.65 408.65 408.65 408.65 408.65 408.65 408.65 408.65 408.65 408.65 408.65 408.65 408.65 408.65 408.65 408.65 408.65 408.65 408.65 408.65
 410.18 411.88 411.96 409.94 408.31 408.00 408.74 409.98 410.64 410.39 409.68 408.70 407.97 407.37 407.91 410.34 411.74 411.60 409.51 407.69 406.83 406.32 406.35 407.00
 412.00 415.80 415.22 409.78 408.00 407.21 407.76 409.84 411.06 410.92 409.31 408.18 407.48 407.11 407.24 408.69 411.37 411.98 410.94 409.27 406.94 406.11 405.92 406.56
 411.07 417.11 415.83 410.76 407.80 407.05 407.90 409.51 411.20 409.58 407.84 406.51 406.15 405.93 406.00 407.33 408.30 410.20 410.30 408.42 406.63 405.44 405.24 405.37
 407.99 410.88 412.62 408.16 406.25 406.28 407.52 409.30 408.75 407.51 405.40 404.73 404.50 404.49 404.96 405.78 406.42 407.21 407.52 407.04 405.22 404.55 404.45 404.46
 404.39 405.98 406.46 405.76 404.06 403.99 405.04 405.80 405.95 404.61 403.86 403.48 403.37 403.56 404.04 404.57 404.50 404.59 404.83 404.77 404.23 403.82 403.82 403.64
 402.94 402.75 402.86 402.95 402.36 401.60 401.21 402.29 403.08 403.42 402.88 402.64 402.59 402.89 403.07 403.01 402.64 402.77 403.20 403.38 403.49 403.56 403.47 403.15
 402.34 402.19 402.24 402.46 401.75 400.51 399.72 400.48 401.59 402.42 402.17 401.95 401.87 402.12 402.20 401.78 401.37 401.43 401.67 402.16 402.76 403.17 403.18 402.82
 401.89 401.67 401.76 401.80 401.44 400.95 400.50 400.96 401.50 401.81 401.76 401.50 401.28 401.45 401.50 401.42 401.21 401.16 401.11 401.31 401.73 402.38 402.60 402.27
 401.52 401.45 401.40 401.39 401.31 401.26 401.29 401.42 401.52 401.64 401.59 401.36 401.08 401.00 401.11 401.19 401.19 401.11 401.03 400.94 401.21 401.59 401.88 401.79
 401.47 401.45 401.45 401.40 401.36 401.41 401.50 401.55 401.56 401.61 401.61 401.49 401.20 400.98 400.93 401.05 401.14 401.17 401.15 401.19 401.24 401.41 401.52 401.51
 401.39 401.39 401.39 401.39 401.39 401.39 401.39 401.39 401.39 401.39 401.39 401.39 401.39 401.39 401.39 401.39 401.39 401.39 401.39 401.39 401.39 401.39 401.39 401.39
 410.97 410.97 410.97 410.97 410.97 410.97 410.97 410.97 410.97 410.97 410.97 410.97 410.97 410.97 410.97 410.97 410.97 410.97 410.97 410.97 410.97 410.97 410.97 410.97
 411.24 412.58 412.81 411.15 409.53 409.62 411.15 413.19 414.03 413.33 411.73 410.53 410.28 410.24 410.27 411.32 412.02 412.23 411.24 410.02 409.11 408.56 408.66 408.96
 413.23 416.54 416.28 410.65 408.60 408.00 409.23 411.67 413.20 412.71 411.09 409.76 409.44 409.34 409.41 410.12 411.76 412.37 411.68 410.08 408.22 407.98 408.00 408.29
 412.90 419.16 417.11 411.49 407.91 406.79 407.69 409.77 411.61 411.05 409.69 408.46 407.94 407.81 407.96 409.03 409.52 410.80 410.50 408.64 407.36 407.01 407.25 407.18
 410.29 413.14 414.60 408.96 406.15 405.40 405.97 407.96 409.00 408.84 407.54 406.78 406.20 406.05 406.67 407.50 407.87 408.03 408.02 407.53 406.28 406.05 406.20 406.19
 405.60 407.45 407.76 406.81 404.26 402.99 403.04 404.51 405.84 406.03 405.59 405.14 404.67 404.84 405.41 405.97 405.60 405.51 405.79 406.02 405.68 405.10 404.91 404.70
 403.32 403.23 403.65 403.91 402.76 401.02 399.97 401.45 403.14 404.13 403.84 403.52 403.43 403.81 404.19 404.19 403.69 403.70 404.26 404.66 404.66 404.34 403.93 403.42
 402.26 402.22 402.50 402.98 402.00 400.16 398.98 400.01 401.49 402.60 402.39 402.30 402.33 402.74 403.04 402.78 402.41 402.30 402.45 402.76 403.28 403.50 403.30 402.79
 401.85 401.66 401.75 401.80 401.32 400.70 400.04 400.57 401.24 401.61 401.67 401.59 401.55 401.87 402.17 402.32 402.14 401.81 401.30 401.26 401.71 402.42 402.64 402.26
 401.48 401.36 401.20 401.10 401.06 401.06 401.10 401.21 401.29 401.39 401.37 401.30 401.20 401.27 401.64 401.93 401.88 401.35 400.90 400.62 400.96 401.43 401.81 401.75
 401.38 401.33 401.27 401.21 401.22 401.31 401.38 401.39 401.37 401.36 401.35 401.31 401.18 401.13 401.28 401.50 401.41 401.09 400.88 400.86 400.96 401.21 401.40 401.41
 401.26 401.26 401.26 401.26 401.26 401.26 401.26 401.26 401.26 401.26 401.26 401.26 401.26 401.26 401.26 401.26 401.26 401.26 401.26 401.26 401.26 401.26 401.26 401.26
