2019 MONTHLY CO2 (PPMV)   24  12  LON/LAT (N-S/0-360E) IN 15 DEGREE RESOLUTION,  GLB ANNUAL MEAN = 410.62,  GROWTH RATE = 2.87,  MISS DATA = -99.99
 416.04 416.04 416.04 416.04 416.04 416.04 416.04 416.04 416.04 416.04 416.04 416.04 416.04 416.04 416.04 416.04 416.04 416.04 416.04 416.04 416.04 416.04 416.04 416.04
 417.82 418.44 418.38 417.81 416.19 414.73 414.47 415.72 416.80 417.10 416.90 416.55 416.26 416.10 415.68 415.62 415.56 415.76 415.29 414.76 414.17 414.03 414.67 416.27
 417.95 418.34 417.60 416.64 415.64 414.27 414.49 415.81 417.17 417.34 416.58 415.93 415.39 414.97 414.69 414.55 415.59 415.86 415.42 413.99 413.50 413.68 414.47 416.12
 415.78 416.38 416.13 415.48 415.39 415.77 417.57 418.51 418.98 416.44 415.50 414.58 413.84 413.21 413.00 413.61 414.30 415.20 414.07 413.25 412.71 412.76 413.46 414.51
 412.58 413.02 413.54 413.27 414.06 416.03 419.88 421.99 418.70 415.61 413.69 412.90 411.99 411.20 411.13 411.96 412.81 412.54 412.98 412.39 411.88 411.50 411.62 411.90
 409.87 410.36 410.82 410.93 411.30 413.24 416.84 417.60 416.50 412.96 411.72 411.03 410.23 409.71 409.66 409.86 409.71 410.32 410.82 411.33 410.80 409.98 409.64 409.50
 407.95 408.02 408.72 409.20 409.15 409.07 409.26 410.50 410.55 410.32 409.29 408.88 408.67 408.68 408.47 407.90 407.72 408.18 409.15 409.62 409.37 408.67 408.27 407.87
 406.72 406.79 407.27 407.96 407.49 406.29 405.52 406.05 406.73 407.29 407.07 407.03 407.24 407.69 407.52 407.04 406.64 406.89 407.44 407.78 407.94 407.82 407.55 407.14
 406.31 406.14 406.29 406.41 406.29 406.09 405.71 405.82 406.02 406.02 406.00 405.93 406.22 406.67 406.92 406.80 406.59 406.52 406.43 406.55 406.66 406.94 407.01 406.65
 405.91 405.77 405.57 405.51 405.68 405.86 405.89 405.85 405.82 405.78 405.65 405.61 405.66 405.98 406.42 406.58 406.42 406.11 405.93 405.78 405.99 406.18 406.31 406.19
 405.80 405.70 405.64 405.71 405.89 405.97 405.90 405.82 405.77 405.68 405.62 405.59 405.57 405.72 406.02 406.22 406.03 405.71 405.47 405.43 405.55 405.80 405.94 405.89
 405.73 405.73 405.73 405.73 405.73 405.73 405.73 405.73 405.73 405.73 405.73 405.73 405.73 405.73 405.73 405.73 405.73 405.73 405.73 405.73 405.73 405.73 405.73 405.73
 417.82 417.82 417.82 417.82 417.82 417.82 417.82 417.82 417.82 417.82 417.82 417.82 417.82 417.82 417.82 417.82 417.82 417.82 417.82 417.82 417.82 417.82 417.82 417.82
 419.51 420.06 419.99 419.14 417.40 416.50 417.47 419.49 420.39 420.16 419.34 418.38 417.69 417.25 416.82 416.54 416.27 416.33 415.89 415.43 414.98 415.01 415.86 417.72
 419.66 420.09 418.95 417.30 415.59 414.51 415.43 417.81 419.48 419.51 418.57 417.59 416.87 416.46 415.95 415.58 416.19 416.27 415.69 414.38 414.07 414.39 415.45 417.33
 416.92 417.58 416.92 415.50 414.39 413.61 415.14 417.02 418.81 417.71 416.80 415.68 415.07 414.51 414.32 414.60 414.96 415.44 414.21 413.44 413.12 413.38 414.20 415.47
 413.33 413.58 414.09 413.48 413.17 413.43 415.39 417.76 417.13 415.82 414.35 413.51 412.74 412.27 412.22 412.90 413.39 412.88 413.10 412.65 412.35 412.08 412.34 412.46
 410.44 411.08 411.64 411.77 412.23 413.16 415.48 415.61 415.11 412.79 412.02 411.34 410.76 410.51 410.52 410.49 410.10 410.54 411.08 411.70 411.30 410.48 410.08 410.08
 408.38 408.68 409.74 410.49 411.64 412.93 413.94 413.32 411.60 410.20 409.56 409.11 409.00 409.22 409.02 408.22 407.82 408.32 409.44 410.08 409.70 408.82 408.40 408.11
 407.04 407.28 407.95 408.83 409.98 411.11 411.86 410.67 408.71 407.57 407.25 407.13 407.36 407.92 407.72 407.12 406.58 406.95 407.74 408.16 408.16 407.80 407.52 407.27
 406.68 406.59 406.68 406.78 407.59 408.67 409.27 408.19 407.10 406.11 406.08 405.94 406.22 406.71 406.94 406.78 406.54 406.57 406.63 406.83 406.83 406.97 407.03 406.86
 406.22 406.05 405.70 405.55 405.98 406.53 406.65 406.30 405.93 405.75 405.63 405.59 405.62 405.95 406.38 406.53 406.38 406.14 406.02 405.91 406.09 406.21 406.33 406.36
 405.93 405.83 405.71 405.80 406.06 406.04 405.78 405.55 405.56 405.58 405.59 405.57 405.54 405.67 405.97 406.17 406.00 405.69 405.45 405.39 405.52 405.77 405.92 405.95
 405.69 405.69 405.69 405.69 405.69 405.69 405.69 405.69 405.69 405.69 405.69 405.69 405.69 405.69 405.69 405.69 405.69 405.69 405.69 405.69 405.69 405.69 405.69 405.69
 417.58 417.58 417.58 417.58 417.58 417.58 417.58 417.58 417.58 417.58 417.58 417.58 417.58 417.58 417.58 417.58 417.58 417.58 417.58 417.58 417.58 417.58 417.58 417.58
 418.41 418.83 418.80 417.89 416.70 416.25 416.95 418.39 419.07 419.21 419.10 418.72 418.29 417.96 417.55 417.00 416.50 416.52 416.43 416.15 415.78 415.70 416.03 416.91
 418.06 419.20 418.38 417.01 416.23 415.45 416.10 417.75 419.20 419.46 418.79 418.13 417.59 417.34 416.77 416.11 416.15 416.12 415.71 414.90 414.73 414.94 415.37 416.30
 416.52 417.30 417.16 416.17 416.11 416.54 417.25 418.39 419.39 418.40 417.40 416.45 415.97 415.50 415.18 415.19 415.24 415.37 414.45 413.90 413.66 413.83 414.30 414.97
 413.85 414.24 414.71 414.45 415.43 416.89 418.98 419.44 418.01 416.55 415.01 414.35 413.76 413.25 413.11 413.74 414.04 413.72 413.80 413.37 412.95 412.59 412.70 412.94
 411.06 411.79 412.37 412.68 413.76 415.83 417.74 417.21 415.56 413.18 412.43 411.92 411.50 411.39 411.36 411.35 411.11 411.68 412.19 412.59 411.96 411.01 410.55 410.60
 408.80 409.17 410.39 411.27 412.54 413.61 414.49 413.59 411.71 410.19 409.62 409.30 409.34 409.81 409.77 409.05 408.64 409.22 410.34 410.86 410.33 409.34 408.81 408.49
 407.33 407.61 408.43 409.46 410.39 411.08 411.53 410.38 408.52 407.43 407.18 407.12 407.44 408.21 408.24 407.76 407.19 407.45 407.93 408.27 408.31 408.11 407.85 407.58
 406.97 406.91 407.06 407.21 407.87 408.74 409.18 408.14 407.04 406.10 406.07 405.95 406.24 406.88 407.33 407.37 407.09 406.81 406.43 406.33 406.60 407.02 407.26 407.14
 406.47 406.29 405.95 405.78 406.13 406.63 406.81 406.50 406.10 405.86 405.73 405.65 405.65 406.09 406.76 407.06 406.83 406.24 405.77 405.57 405.78 406.12 406.44 406.58
 406.08 405.99 405.86 405.92 406.09 406.13 406.01 405.88 405.85 405.78 405.73 405.68 405.61 405.79 406.25 406.57 406.29 405.80 405.55 405.46 405.60 405.79 405.98 406.07
 405.84 405.84 405.84 405.84 405.84 405.84 405.84 405.84 405.84 405.84 405.84 405.84 405.84 405.84 405.84 405.84 405.84 405.84 405.84 405.84 405.84 405.84 405.84 405.84
 417.42 417.42 417.42 417.42 417.42 417.42 417.42 417.42 417.42 417.42 417.42 417.42 417.42 417.42 417.42 417.42 417.42 417.42 417.42 417.42 417.42 417.42 417.42 417.42
 418.67 418.49 418.31 417.61 416.99 416.82 417.20 417.96 418.36 418.48 418.54 418.37 418.12 417.93 417.46 416.54 415.75 415.81 416.35 416.39 416.16 416.07 416.66 417.54
 418.40 419.10 418.34 417.37 417.13 416.70 417.04 418.04 418.87 419.01 418.38 417.97 417.59 417.32 416.73 415.71 414.94 414.84 414.90 415.01 415.20 415.63 416.43 417.30
 417.16 417.68 417.76 416.97 417.28 418.00 418.12 418.75 419.20 418.45 417.53 416.91 416.48 415.93 415.38 414.97 414.60 414.26 414.06 414.06 414.34 414.92 415.70 416.06
 414.61 414.69 415.02 414.52 415.87 417.76 419.50 419.03 417.92 416.96 415.65 415.23 414.65 413.94 413.52 414.03 414.10 414.15 414.13 414.02 413.91 413.80 413.97 413.90
 411.66 412.04 411.83 411.55 413.11 415.91 417.61 416.93 415.25 413.65 413.07 412.64 412.12 411.86 411.74 411.78 411.94 412.61 413.23 413.56 413.06 412.06 411.42 411.31
 409.16 409.09 409.44 409.40 411.13 413.00 414.52 413.43 411.61 410.21 409.84 409.63 409.57 410.01 410.01 409.60 409.31 410.03 411.22 411.89 411.31 410.13 409.36 408.84
 407.57 407.73 408.03 408.44 409.48 410.78 411.62 410.42 408.48 407.33 407.31 407.41 407.75 408.43 408.51 408.13 407.63 407.96 408.59 409.03 409.06 408.70 408.24 407.82
 407.27 407.20 407.21 407.18 407.80 408.75 409.40 408.38 407.15 406.24 406.33 406.45 406.79 407.33 407.71 407.77 407.54 407.29 406.96 406.90 407.16 407.51 407.63 407.43
 406.81 406.69 406.45 406.32 406.50 406.92 407.20 406.98 406.53 406.21 406.14 406.17 406.30 406.70 407.26 407.51 407.30 406.76 406.32 406.11 406.29 406.53 406.75 406.87
 406.41 406.37 406.29 406.28 406.31 406.40 406.49 406.53 406.42 406.24 406.12 406.12 406.16 406.42 406.84 407.10 406.82 406.37 406.14 406.08 406.11 406.15 406.23 406.34
 406.29 406.29 406.29 406.29 406.29 406.29 406.29 406.29 406.29 406.29 406.29 406.29 406.29 406.29 406.29 406.29 406.29 406.29 406.29 406.29 406.29 406.29 406.29 406.29
 416.41 416.41 416.41 416.41 416.41 416.41 416.41 416.41 416.41 416.41 416.41 416.41 416.41 416.41 416.41 416.41 416.41 416.41 416.41 416.41 416.41 416.41 416.41 416.41
 416.52 416.44 416.50 416.24 415.86 415.76 416.14 416.87 417.28 417.39 417.47 417.39 417.31 417.24 416.69 415.38 414.28 414.41 415.40 415.70 415.52 415.26 415.43 415.88
 415.80 416.48 416.44 416.22 416.40 416.00 416.06 416.73 417.50 417.77 417.29 417.08 416.93 416.89 416.07 414.53 413.11 413.13 413.68 414.45 414.71 414.95 415.24 415.33
 415.11 415.72 416.14 416.02 416.89 418.07 417.46 417.49 417.60 417.37 416.66 416.22 416.14 415.83 415.04 413.92 413.18 412.94 413.44 413.78 414.12 414.52 414.88 414.72
 413.99 413.77 413.91 413.45 415.45 417.92 419.42 417.75 416.78 416.39 415.31 414.89 414.40 414.06 413.33 413.52 413.48 414.15 414.21 414.24 414.03 413.80 413.68 413.41
 411.80 411.88 410.90 410.23 412.14 415.67 417.04 416.27 414.66 413.95 413.30 412.61 411.99 411.68 411.52 411.52 412.07 412.96 413.73 414.00 413.50 412.33 411.52 411.46
 409.61 409.22 408.80 407.94 409.75 411.88 413.62 412.77 411.80 410.93 410.52 409.94 409.56 409.83 409.67 409.51 409.35 410.30 411.57 412.46 411.81 410.53 409.70 409.20
 408.06 408.10 407.88 407.70 408.49 409.85 410.74 410.08 408.88 408.26 408.10 408.04 408.13 408.50 408.33 407.86 407.42 408.10 409.38 410.11 410.00 409.34 408.70 408.25
 407.71 407.58 407.45 407.25 407.69 408.46 409.06 408.38 407.59 406.98 407.12 407.26 407.52 407.73 407.74 407.57 407.43 407.72 408.14 408.55 408.47 408.37 408.15 407.84
 407.20 407.12 406.96 406.91 407.00 407.24 407.38 407.24 406.98 406.86 406.90 407.02 407.17 407.32 407.43 407.43 407.38 407.44 407.56 407.56 407.61 407.45 407.28 407.29
 406.83 406.82 406.79 406.82 406.84 406.85 406.84 406.82 406.82 406.82 406.85 406.91 407.01 407.15 407.27 407.30 407.23 407.14 407.00 406.98 406.90 406.81 406.72 406.75
 406.85 406.85 406.85 406.85 406.85 406.85 406.85 406.85 406.85 406.85 406.85 406.85 406.85 406.85 406.85 406.85 406.85 406.85 406.85 406.85 406.85 406.85 406.85 406.85
 412.43 412.43 412.43 412.43 412.43 412.43 412.43 412.43 412.43 412.43 412.43 412.43 412.43 412.43 412.43 412.43 412.43 412.43 412.43 412.43 412.43 412.43 412.43 412.43
 413.36 413.06 413.28 413.22 412.10 410.70 410.19 410.55 410.88 411.36 412.40 413.11 413.48 413.51 413.27 412.63 412.15 412.37 412.98 413.13 412.75 412.18 412.08 412.89
 413.26 413.35 413.22 412.90 411.86 410.43 410.02 411.04 411.55 412.19 412.27 413.14 413.49 413.68 413.17 412.28 411.55 411.78 412.31 412.78 412.60 412.12 412.35 412.72
 412.95 413.20 413.09 412.51 411.92 411.47 410.66 411.64 412.53 412.64 412.56 412.97 413.43 413.50 413.04 412.11 411.66 412.01 412.59 412.81 412.56 412.34 412.39 412.73
 412.65 412.16 411.96 411.18 411.51 411.87 412.20 412.02 412.63 413.32 412.78 412.73 412.63 412.90 412.38 412.16 412.15 413.01 413.36 413.30 412.82 412.35 412.20 412.05
 411.59 411.49 410.38 409.62 410.44 412.05 412.49 412.42 412.24 412.76 412.30 411.51 411.17 411.35 411.28 411.02 411.24 412.19 412.89 413.15 412.69 411.91 411.33 411.39
 410.33 409.91 409.36 408.49 409.73 411.31 412.52 411.79 411.28 410.78 410.48 409.75 409.40 409.87 409.81 409.53 409.30 410.04 411.06 411.81 411.64 411.00 410.48 410.06
 409.09 409.01 408.59 408.24 409.00 410.44 411.39 410.68 409.43 408.78 408.54 408.38 408.35 408.69 408.58 408.19 407.78 408.28 409.19 409.86 410.18 410.13 409.81 409.39
 408.55 408.30 408.06 407.75 408.20 409.00 409.60 408.88 408.16 407.59 407.72 407.81 407.95 408.08 408.04 407.90 407.78 407.97 408.24 408.58 408.74 408.99 409.05 408.76
 407.84 407.73 407.49 407.42 407.56 407.79 407.80 407.58 407.44 407.44 407.54 407.65 407.75 407.82 407.84 407.79 407.73 407.75 407.81 407.81 407.90 407.92 407.91 407.97
 407.38 407.37 407.33 407.40 407.51 407.42 407.22 407.06 407.17 407.35 407.48 407.56 407.64 407.72 407.75 407.71 407.61 407.51 407.40 407.37 407.33 407.25 407.21 407.28
 407.35 407.35 407.35 407.35 407.35 407.35 407.35 407.35 407.35 407.35 407.35 407.35 407.35 407.35 407.35 407.35 407.35 407.35 407.35 407.35 407.35 407.35 407.35 407.35
 405.73 405.73 405.73 405.73 405.73 405.73 405.73 405.73 405.73 405.73 405.73 405.73 405.73 405.73 405.73 405.73 405.73 405.73 405.73 405.73 405.73 405.73 405.73 405.73
 407.54 407.07 407.52 407.90 406.91 404.96 403.76 403.54 403.89 404.50 405.50 405.71 405.36 404.81 405.59 407.14 408.67 408.87 408.31 407.90 407.19 406.33 406.09 407.21
 408.39 408.16 407.93 407.99 407.04 405.31 403.94 404.75 405.33 406.56 406.55 406.93 406.80 406.66 407.22 408.76 409.86 410.04 409.89 409.51 408.40 406.81 406.77 407.56
 408.79 408.91 408.47 408.08 407.57 406.95 405.57 406.35 408.03 408.69 408.56 408.72 408.80 408.78 409.30 409.68 410.26 410.73 410.95 410.81 409.58 408.12 407.44 408.44
 409.57 409.13 408.84 408.47 408.61 408.44 408.06 408.36 409.36 410.68 410.41 410.33 410.26 410.52 410.57 410.30 410.40 410.80 411.18 411.03 410.21 409.25 408.93 408.94
 410.29 410.15 409.33 408.96 409.20 409.91 409.77 410.06 410.24 411.14 410.95 410.40 410.29 410.69 410.63 410.17 409.82 410.36 410.69 410.84 410.43 410.27 410.03 410.30
 410.61 410.33 409.84 409.19 409.63 410.20 410.66 410.18 409.98 409.80 409.77 409.42 409.41 409.91 409.93 409.39 409.03 409.44 410.01 410.37 410.54 410.64 410.62 410.49
 410.08 409.94 409.39 408.94 409.17 409.86 410.30 409.81 408.97 408.51 408.47 408.47 408.59 408.99 409.01 408.72 408.36 408.72 409.33 409.81 410.19 410.49 410.54 410.34
 409.36 409.02 408.76 408.40 408.54 408.97 409.23 408.72 408.23 407.92 407.99 408.04 408.15 408.36 408.48 408.46 408.37 408.59 408.90 409.25 409.36 409.61 409.77 409.56
 408.49 408.36 408.11 408.04 408.09 408.21 408.15 407.96 407.92 407.96 408.04 408.00 407.99 408.09 408.26 408.34 408.34 408.39 408.48 408.50 408.58 408.60 408.60 408.67
 408.02 407.99 407.95 408.00 408.09 408.00 407.81 407.67 407.77 407.96 408.07 408.07 408.01 408.02 408.12 408.23 408.23 408.17 408.08 408.05 408.01 407.94 407.90 407.94
 407.94 407.94 407.94 407.94 407.94 407.94 407.94 407.94 407.94 407.94 407.94 407.94 407.94 407.94 407.94 407.94 407.94 407.94 407.94 407.94 407.94 407.94 407.94 407.94
 401.62 401.62 401.62 401.62 401.62 401.62 401.62 401.62 401.62 401.62 401.62 401.62 401.62 401.62 401.62 401.62 401.62 401.62 401.62 401.62 401.62 401.62 401.62 401.62
 405.70 405.35 403.73 402.17 402.46 402.60 402.12 401.30 401.41 401.82 402.28 402.05 401.48 400.90 402.07 404.36 406.31 405.88 404.08 403.27 402.69 402.08 401.75 403.38
 407.52 408.38 406.20 404.07 404.41 404.37 403.13 403.08 403.34 404.42 404.02 403.62 403.31 403.31 404.25 406.64 408.50 408.36 407.21 405.80 404.45 402.86 402.88 404.37
 407.48 408.42 407.61 406.14 406.13 406.41 405.47 405.37 406.76 407.10 406.38 405.92 405.89 406.03 406.94 407.88 409.03 409.48 408.84 407.79 406.21 404.67 403.95 405.36
 407.14 407.30 407.46 407.53 407.98 408.15 407.84 408.21 408.43 408.97 408.34 408.03 408.13 408.49 408.83 408.68 409.00 408.99 408.77 408.18 407.35 406.54 406.26 406.37
 408.51 408.62 408.64 408.93 409.03 409.43 409.46 409.68 409.54 409.52 409.26 409.03 409.23 409.61 409.54 409.22 408.79 408.81 408.59 408.49 408.40 408.75 408.67 408.70
 409.85 409.90 409.80 409.74 409.71 409.70 409.71 409.47 409.20 408.96 408.98 409.10 409.38 409.63 409.59 409.11 408.81 408.91 408.95 409.09 409.70 410.40 410.39 410.08
 410.06 409.98 409.65 409.44 409.36 409.42 409.44 409.15 408.71 408.43 408.54 408.70 408.95 409.24 409.22 409.01 408.79 408.99 409.29 409.66 410.27 410.84 410.85 410.43
 409.45 409.18 409.09 408.89 408.88 408.96 408.95 408.68 408.46 408.36 408.39 408.35 408.44 408.68 408.87 408.87 408.80 409.01 409.30 409.65 409.81 410.08 410.13 409.75
 408.78 408.69 408.56 408.54 408.54 408.54 408.46 408.33 408.40 408.51 408.57 408.40 408.25 408.36 408.61 408.77 408.79 408.86 408.97 408.97 409.07 409.10 409.07 409.02
 408.49 408.48 408.48 408.49 408.52 408.43 408.29 408.20 408.33 408.56 408.68 408.62 408.41 408.31 408.43 408.64 408.73 408.73 408.67 408.67 408.60 408.52 408.45 408.45
 408.48 408.48 408.48 408.48 408.48 408.48 408.48 408.48 408.48 408.48 408.48 408.48 408.48 408.48 408.48 408.48 408.48 408.48 408.48 408.48 408.48 408.48 408.48 408.48
 405.60 405.60 405.60 405.60 405.60 405.60 405.60 405.60 405.60 405.60 405.60 405.60 405.60 405.60 405.60 405.60 405.60 405.60 405.60 405.60 405.60 405.60 405.60 405.60
 406.17 406.37 405.45 404.77 405.73 407.59 409.49 410.56 411.00 409.52 406.84 404.97 404.79 404.95 405.56 406.63 407.20 406.29 404.34 403.60 403.55 403.68 403.73 404.73
 407.52 407.98 407.20 406.40 406.92 407.79 408.47 409.45 409.75 408.68 406.54 405.19 405.45 405.97 406.44 407.56 408.73 408.38 406.86 405.07 404.54 404.38 404.84 405.76
 407.40 408.27 408.44 408.10 407.95 407.94 408.33 408.70 409.38 408.21 406.96 406.17 406.41 406.90 407.48 408.03 408.82 409.24 407.90 406.30 405.55 405.55 405.73 406.42
 407.25 407.87 408.57 408.95 408.89 408.74 408.88 409.62 409.20 408.56 407.58 407.21 407.42 407.98 408.38 408.30 408.65 408.37 407.66 406.67 406.45 406.79 407.11 407.09
 408.43 408.72 409.16 409.46 409.71 410.10 410.76 410.35 409.77 408.65 408.27 408.06 408.40 408.87 408.96 408.86 408.49 408.15 407.54 407.27 407.74 408.70 408.98 408.64
 409.64 409.86 409.80 409.73 410.37 411.45 412.16 411.23 409.71 408.62 408.51 408.63 408.94 409.19 409.29 409.00 408.79 408.50 408.06 408.29 409.57 410.80 410.56 409.94
 410.13 410.18 409.83 409.52 410.15 411.34 412.11 411.09 409.56 408.54 408.60 408.68 408.84 409.06 409.16 409.14 409.05 408.84 408.53 408.97 410.40 411.33 411.12 410.44
 409.69 409.50 409.35 409.10 409.47 410.14 410.63 409.92 409.17 408.67 408.67 408.57 408.56 408.75 408.97 409.07 409.03 408.91 408.80 409.10 409.71 410.41 410.38 409.95
 409.14 409.05 408.88 408.83 408.93 409.13 409.14 408.92 408.80 408.81 408.87 408.70 408.51 408.58 408.83 409.00 408.99 408.88 408.78 408.72 408.93 409.18 409.34 409.34
 408.83 408.82 408.79 408.82 408.88 408.82 408.68 408.57 408.68 408.89 409.00 408.93 408.71 408.59 408.70 408.88 408.91 408.86 408.82 408.82 408.78 408.74 408.74 408.79
 408.79 408.79 408.79 408.79 408.79 408.79 408.79 408.79 408.79 408.79 408.79 408.79 408.79 408.79 408.79 408.79 408.79 408.79 408.79 408.79 408.79 408.79 408.79 408.79
 410.43 410.43 410.43 410.43 410.43 410.43 410.43 410.43 410.43 410.43 410.43 410.43 410.43 410.43 410.43 410.43 410.43 410.43 410.43 410.43 410.43 410.43 410.43 410.43
 413.29 413.42 412.32 411.17 411.16 411.82 412.49 412.94 413.11 412.55 411.47 410.69 410.59 410.60 410.66 410.74 410.55 409.99 408.84 408.43 408.44 408.67 409.20 411.12
 414.49 415.06 413.43 411.81 411.76 411.94 412.41 413.05 413.33 412.68 411.30 410.45 410.44 410.81 410.60 410.61 411.17 411.03 410.21 408.96 408.78 408.97 409.98 411.79
 412.67 413.72 413.51 412.47 412.24 412.43 413.19 413.65 413.87 412.16 410.75 409.79 409.80 410.01 410.12 410.30 410.69 411.16 410.11 409.13 408.81 409.13 409.87 410.99
 410.04 410.71 411.60 411.70 412.17 412.90 414.26 414.79 413.21 411.36 409.74 409.17 409.13 409.33 409.58 409.75 410.10 409.71 409.33 408.61 408.59 409.03 409.61 409.71
 409.76 410.04 410.53 410.74 411.64 413.31 415.12 414.24 412.58 410.00 409.27 409.00 409.14 409.38 409.46 409.53 409.24 409.01 408.55 408.37 408.67 409.47 409.97 409.79
 410.18 410.20 410.11 410.00 411.35 413.37 414.81 413.57 411.20 409.46 409.07 409.12 409.34 409.50 409.55 409.25 409.09 408.92 408.65 408.71 409.54 410.49 410.61 410.35
 410.26 410.22 409.92 409.71 410.74 412.47 413.60 412.28 410.28 408.98 408.97 409.00 409.12 409.31 409.35 409.26 409.14 409.00 408.76 409.04 410.01 410.77 410.84 410.52
 409.73 409.50 409.40 409.21 409.83 410.82 411.58 410.67 409.65 408.89 408.87 408.81 408.84 409.00 409.14 409.18 409.12 409.01 408.89 409.08 409.51 410.09 410.22 409.95
 409.15 409.08 408.94 408.92 409.11 409.44 409.56 409.32 409.02 408.88 408.87 408.81 408.73 408.82 409.00 409.11 409.08 408.95 408.86 408.79 408.96 409.18 409.35 409.36
 408.92 408.93 408.92 408.96 409.04 409.03 408.93 408.85 408.86 408.91 408.93 408.90 408.80 408.78 408.88 409.00 408.98 408.91 408.87 408.87 408.85 408.83 408.85 408.88
 408.91 408.91 408.91 408.91 408.91 408.91 408.91 408.91 408.91 408.91 408.91 408.91 408.91 408.91 408.91 408.91 408.91 408.91 408.91 408.91 408.91 408.91 408.91 408.91
 415.92 415.92 415.92 415.92 415.92 415.92 415.92 415.92 415.92 415.92 415.92 415.92 415.92 415.92 415.92 415.92 415.92 415.92 415.92 415.92 415.92 415.92 415.92 415.92
 418.45 419.19 419.56 419.20 417.54 416.32 416.75 418.26 418.92 418.42 417.26 415.96 415.07 414.41 414.31 414.59 414.70 414.45 413.37 412.81 412.52 412.72 413.89 416.36
 419.38 419.55 418.66 417.43 415.91 414.70 415.12 416.79 417.87 417.48 416.38 415.38 414.70 414.34 414.03 414.26 415.32 415.31 414.51 412.97 412.41 412.38 413.93 416.61
 417.07 417.81 416.89 415.64 414.85 414.27 415.22 416.22 417.05 415.57 414.64 413.74 413.39 412.94 412.95 413.60 414.37 414.95 413.64 412.67 411.96 411.73 412.76 415.12
 413.83 414.07 414.26 413.58 413.62 414.17 415.83 416.99 415.54 413.82 412.46 412.05 411.73 411.28 411.50 412.32 413.06 412.40 412.25 411.55 411.12 410.88 411.45 412.31
 411.63 412.03 412.03 411.85 412.47 413.83 415.88 415.41 414.18 411.64 411.07 410.90 410.69 410.42 410.65 411.19 411.16 411.05 410.74 410.63 410.36 410.49 410.79 411.18
 410.53 410.40 410.58 410.63 411.73 413.30 414.45 413.75 411.99 410.63 410.17 410.08 410.11 410.12 410.29 410.28 410.26 410.13 410.04 409.97 410.15 410.43 410.61 410.54
 409.95 409.80 409.84 410.06 410.93 412.11 412.88 411.96 410.52 409.60 409.42 409.34 409.44 409.78 410.04 410.03 409.71 409.32 409.17 409.36 409.80 410.25 410.45 410.32
 409.48 409.26 409.30 409.31 409.87 410.65 411.20 410.50 409.73 409.04 408.95 408.79 408.89 409.24 409.75 409.72 409.24 408.75 408.63 408.84 409.15 409.67 409.93 409.76
 409.04 408.98 408.89 408.88 409.10 409.40 409.50 409.32 409.02 408.82 408.70 408.63 408.60 408.79 409.19 409.32 409.00 408.66 408.62 408.59 408.77 409.03 409.24 409.23
 408.92 408.93 408.94 408.97 409.07 409.06 408.96 408.86 408.82 408.75 408.68 408.64 408.59 408.59 408.78 408.87 408.85 408.72 408.72 408.76 408.76 408.83 408.88 408.90
 408.83 408.83 408.83 408.83 408.83 408.83 408.83 408.83 408.83 408.83 408.83 408.83 408.83 408.83 408.83 408.83 408.83 408.83 408.83 408.83 408.83 408.83 408.83 408.83
 417.22 417.22 417.22 417.22 417.22 417.22 417.22 417.22 417.22 417.22 417.22 417.22 417.22 417.22 417.22 417.22 417.22 417.22 417.22 417.22 417.22 417.22 417.22 417.22
 420.25 420.56 419.95 418.61 417.13 416.39 416.69 417.81 418.27 418.36 418.18 417.72 417.12 416.70 416.51 416.93 417.27 417.31 416.29 415.65 415.31 415.58 416.48 418.22
 420.75 421.62 420.20 417.97 416.47 415.37 415.98 417.47 418.60 418.57 417.94 417.20 416.49 416.06 415.91 416.31 417.83 417.97 417.11 415.26 414.77 415.04 416.03 417.90
 418.59 419.86 419.27 417.34 416.08 415.38 417.36 418.78 419.69 417.56 416.64 415.67 415.04 414.48 414.55 415.49 416.50 417.26 415.64 414.55 414.00 413.99 414.74 416.33
 414.88 415.28 415.83 414.95 414.87 415.67 418.88 421.31 418.91 416.13 414.49 413.86 413.25 412.64 412.90 413.87 414.77 413.92 413.94 413.31 413.02 412.77 413.06 413.50
 411.96 412.48 412.62 412.34 413.27 415.47 419.37 419.09 417.52 413.54 412.60 412.21 411.72 411.38 411.77 412.40 412.27 412.23 412.14 412.35 412.00 411.63 411.53 411.62
 410.31 410.22 410.49 410.50 412.23 414.89 416.88 416.17 413.74 411.86 410.97 410.62 410.49 410.63 411.02 411.09 411.01 410.92 411.13 411.24 411.05 410.72 410.54 410.24
 409.64 409.60 409.67 409.87 411.22 413.15 414.43 413.18 411.17 409.92 409.53 409.29 409.37 409.91 410.45 410.56 410.11 409.60 409.63 409.81 409.95 410.06 410.05 409.90
 409.28 409.11 409.09 409.05 409.89 411.13 412.04 411.06 409.95 408.93 408.75 408.48 408.59 409.09 409.87 409.93 409.25 408.59 408.42 408.64 408.90 409.38 409.63 409.50
 408.95 408.86 408.69 408.62 408.94 409.43 409.65 409.41 408.94 408.61 408.38 408.26 408.20 408.44 409.03 409.22 408.80 408.33 408.26 408.23 408.46 408.80 409.11 409.12
 408.86 408.83 408.78 408.81 408.94 408.98 408.89 408.79 408.68 408.50 408.37 408.29 408.20 408.19 408.43 408.56 408.54 408.36 408.36 408.40 408.49 408.70 408.86 408.88
 408.62 408.62 408.62 408.62 408.62 408.62 408.62 408.62 408.62 408.62 408.62 408.62 408.62 408.62 408.62 408.62 408.62 408.62 408.62 408.62 408.62 408.62 408.62 408.62
