2014 MONTHLY CO2 (PPMV)   24  12  LON/LAT (N-S/0-360E) IN 15 DEGREE RESOLUTION,  GLB ANNUAL MEAN = 397.22,  GROWTH RATE = 2.32,  MISS DATA = -99.99
 404.75 404.75 404.75 404.75 404.75 404.75 404.75 404.75 404.75 404.75 404.75 404.75 404.75 404.75 404.75 404.75 404.75 404.75 404.75 404.75 404.75 404.75 404.75 404.75
 405.68 406.46 406.31 404.29 403.12 403.82 405.39 407.31 407.61 407.30 405.75 404.13 403.09 403.32 404.07 405.35 405.73 405.25 404.19 403.38 403.16 403.31 403.67 403.56
 404.51 407.45 407.10 404.46 402.74 402.02 404.60 406.96 407.93 406.47 404.49 402.98 402.28 402.69 403.85 404.79 405.48 405.35 404.50 403.75 402.45 402.82 402.46 402.42
 402.95 405.47 407.16 405.25 402.49 401.80 404.47 407.77 407.35 404.50 402.84 401.61 400.97 401.35 402.57 403.77 403.33 403.82 403.68 402.57 401.99 401.46 401.05 400.50
 400.39 402.72 405.36 404.09 401.17 400.54 404.23 406.82 404.98 402.42 400.84 400.22 399.57 399.41 400.43 401.23 401.13 400.94 401.45 401.67 400.40 399.94 399.23 398.93
 398.08 400.31 401.96 401.47 398.91 398.46 400.85 402.22 401.39 399.32 398.83 398.62 398.11 397.94 398.21 398.52 398.04 398.41 399.08 399.64 399.16 398.12 397.57 397.16
 396.16 396.82 398.19 398.38 397.15 396.16 395.98 397.25 397.20 397.05 396.60 396.62 396.66 396.74 396.72 396.25 396.14 396.47 397.34 397.72 397.55 396.90 396.37 395.79
 394.65 394.70 395.30 396.09 395.79 394.78 394.12 394.37 394.68 394.97 394.92 395.03 395.35 395.82 395.81 395.51 395.19 395.34 395.74 395.99 396.23 396.13 395.76 395.17
 394.38 394.29 394.45 394.61 394.52 394.32 393.97 393.99 394.09 394.04 394.09 394.12 394.43 394.93 395.28 395.31 395.12 394.94 394.72 394.79 394.91 395.16 395.16 394.75
 394.08 393.95 393.77 393.66 393.72 393.80 393.83 393.80 393.79 393.78 393.72 393.77 393.90 394.31 394.85 395.08 394.88 394.43 394.14 393.93 394.13 394.26 394.33 394.26
 393.87 393.81 393.73 393.71 393.74 393.75 393.71 393.67 393.67 393.65 393.64 393.67 393.74 394.01 394.42 394.65 394.36 393.91 393.60 393.55 393.62 393.79 393.87 393.89
 393.75 393.75 393.75 393.75 393.75 393.75 393.75 393.75 393.75 393.75 393.75 393.75 393.75 393.75 393.75 393.75 393.75 393.75 393.75 393.75 393.75 393.75 393.75 393.75
 405.32 405.32 405.32 405.32 405.32 405.32 405.32 405.32 405.32 405.32 405.32 405.32 405.32 405.32 405.32 405.32 405.32 405.32 405.32 405.32 405.32 405.32 405.32 405.32
 406.34 407.73 408.23 406.52 404.97 404.51 405.19 406.15 406.25 405.84 405.08 404.55 404.39 404.28 404.24 404.83 405.22 405.28 404.71 404.19 404.10 404.28 404.64 404.55
 404.16 406.62 404.69 402.56 400.83 402.51 405.26 406.91 407.56 406.26 404.76 403.94 403.60 403.35 403.28 403.71 404.62 405.20 404.81 404.58 403.63 403.88 403.30 403.20
 401.23 398.18 395.85 392.46 396.89 401.49 405.04 407.39 407.53 405.19 403.73 402.79 402.21 401.78 401.71 402.32 402.52 403.46 403.81 403.47 403.23 402.42 401.73 401.21
 396.78 390.95 383.16 386.85 393.90 401.17 405.11 406.17 405.17 403.23 401.69 401.13 400.45 399.72 399.71 400.30 400.41 400.73 401.38 402.14 401.31 400.59 399.62 399.44
 395.05 388.19 385.10 387.13 395.35 400.65 403.32 402.96 401.87 399.90 399.46 399.12 398.51 398.09 398.00 398.16 397.88 398.28 399.06 399.78 399.51 398.34 397.67 397.38
 394.02 392.39 391.42 393.74 396.74 399.82 400.93 400.17 398.48 397.21 396.90 396.85 396.83 396.86 396.74 396.29 396.13 396.49 397.35 397.83 397.59 396.85 396.30 395.80
 394.62 394.67 395.22 395.96 396.94 397.92 398.57 397.52 395.82 394.83 394.88 395.08 395.43 395.89 395.85 395.51 395.18 395.36 395.85 396.12 396.26 396.03 395.63 395.10
 394.33 394.22 394.35 394.50 395.11 395.91 396.40 395.53 394.58 393.85 394.00 394.13 394.50 394.98 395.31 395.30 395.11 394.96 394.79 394.87 394.93 395.09 395.05 394.67
 393.97 393.81 393.62 393.52 393.73 394.07 394.24 394.03 393.80 393.71 393.75 393.81 393.96 394.35 394.87 395.07 394.85 394.41 394.12 393.94 394.10 394.19 394.23 394.16
 393.71 393.60 393.51 393.51 393.56 393.55 393.50 393.47 393.53 393.63 393.70 393.74 393.80 394.06 394.44 394.63 394.29 393.80 393.47 393.39 393.49 393.67 393.76 393.76
 393.62 393.62 393.62 393.62 393.62 393.62 393.62 393.62 393.62 393.62 393.62 393.62 393.62 393.62 393.62 393.62 393.62 393.62 393.62 393.62 393.62 393.62 393.62 393.62
 405.47 405.47 405.47 405.47 405.47 405.47 405.47 405.47 405.47 405.47 405.47 405.47 405.47 405.47 405.47 405.47 405.47 405.47 405.47 405.47 405.47 405.47 405.47 405.47
 404.98 405.65 405.97 405.15 404.77 404.94 406.09 406.95 407.40 406.82 405.71 404.88 404.79 404.73 404.40 404.60 405.02 405.44 405.26 404.74 404.41 404.37 404.73 404.44
 403.11 404.19 402.21 401.47 401.28 404.04 405.71 406.84 407.52 407.01 405.29 404.25 404.03 403.87 403.55 403.66 404.58 405.47 405.22 404.83 403.78 403.98 403.58 403.42
 400.81 396.36 393.23 390.81 397.76 404.22 407.39 407.70 408.08 405.88 404.32 403.18 402.69 402.34 402.24 402.65 402.93 403.84 404.13 403.57 403.31 402.69 402.27 401.93
 396.97 389.85 380.51 385.00 394.53 404.46 408.80 409.11 406.47 404.35 402.34 401.57 400.83 400.31 400.34 400.92 401.02 401.22 401.65 402.27 401.53 400.94 400.26 400.23
 395.19 387.21 383.28 385.53 395.60 402.97 406.79 405.99 403.96 400.97 400.06 399.41 398.73 398.47 398.46 398.51 398.13 398.52 399.29 400.01 399.72 398.55 397.92 397.84
 394.04 392.22 390.81 393.08 396.74 400.74 402.38 401.56 399.57 398.00 397.30 396.96 396.79 396.97 396.82 396.21 395.89 396.38 397.50 398.08 397.65 396.68 396.11 395.77
 394.77 394.99 395.38 395.90 396.93 398.14 398.93 397.89 396.16 395.17 395.05 395.09 395.32 395.77 395.61 395.10 394.64 394.97 395.56 395.99 395.97 395.64 395.25 394.94
 394.48 394.43 394.51 394.55 395.18 396.06 396.66 395.76 394.77 393.96 394.08 394.15 394.45 394.81 394.95 394.80 394.59 394.48 394.40 394.41 394.59 394.76 394.80 394.62
 394.07 393.93 393.72 393.63 393.82 394.18 394.38 394.20 393.91 393.78 393.79 393.85 393.98 394.23 394.53 394.60 394.42 394.10 393.85 393.78 393.86 394.03 394.15 394.19
 393.76 393.65 393.56 393.58 393.61 393.63 393.62 393.61 393.64 393.70 393.74 393.78 393.83 394.00 394.22 394.31 394.08 393.76 393.61 393.52 393.61 393.68 393.77 393.79
 393.68 393.68 393.68 393.68 393.68 393.68 393.68 393.68 393.68 393.68 393.68 393.68 393.68 393.68 393.68 393.68 393.68 393.68 393.68 393.68 393.68 393.68 393.68 393.68
 405.32 405.32 405.32 405.32 405.32 405.32 405.32 405.32 405.32 405.32 405.32 405.32 405.32 405.32 405.32 405.32 405.32 405.32 405.32 405.32 405.32 405.32 405.32 405.32
 404.10 404.44 405.28 405.00 404.71 404.42 405.21 405.74 406.25 406.13 405.73 405.30 405.21 405.11 404.93 405.03 405.29 405.54 405.34 404.82 404.49 404.62 405.15 404.42
 401.82 402.40 400.26 400.27 400.47 403.90 405.11 405.73 406.54 406.84 405.68 404.90 404.66 404.63 404.40 404.41 404.90 405.62 405.41 404.91 403.78 404.05 403.91 403.38
 399.58 393.08 388.85 386.37 396.16 405.04 406.90 406.28 406.58 406.30 404.96 403.88 403.55 403.36 403.43 403.61 403.64 404.32 404.63 403.84 403.32 402.94 402.72 402.12
 395.70 385.77 373.14 379.27 392.22 405.16 408.55 406.30 404.87 404.58 403.03 402.25 401.63 401.50 401.60 402.10 402.10 402.37 402.59 402.93 402.04 401.44 400.87 400.53
 394.20 383.30 377.72 380.68 393.63 402.50 404.52 403.69 401.87 401.20 400.51 399.71 399.16 399.28 399.45 399.41 399.07 399.53 400.37 401.00 400.57 399.14 398.22 398.09
 393.24 390.75 388.50 391.24 394.99 398.42 399.24 398.87 398.52 398.08 397.55 396.93 396.66 397.22 397.25 396.64 396.20 396.94 398.28 399.10 398.32 396.86 395.97 395.53
 394.59 394.97 395.32 395.71 395.90 395.90 395.91 395.84 395.59 395.57 395.23 395.01 395.06 395.61 395.54 395.05 394.48 395.16 396.41 397.06 396.67 395.71 394.92 394.56
 394.43 394.47 394.63 394.69 394.83 395.01 395.06 394.82 394.58 394.31 394.36 394.32 394.44 394.69 394.75 394.64 394.51 394.86 395.38 395.76 395.53 395.14 394.70 394.43
 394.14 394.10 394.00 393.98 394.02 394.13 394.22 394.18 394.11 394.15 394.18 394.19 394.18 394.29 394.43 394.49 394.50 394.67 394.85 394.94 394.87 394.59 394.29 394.21
 393.94 393.90 393.87 393.88 393.88 393.89 393.90 393.91 393.98 394.10 394.19 394.21 394.17 394.19 394.28 394.38 394.42 394.41 394.33 394.28 394.23 394.10 393.97 393.94
 394.03 394.03 394.03 394.03 394.03 394.03 394.03 394.03 394.03 394.03 394.03 394.03 394.03 394.03 394.03 394.03 394.03 394.03 394.03 394.03 394.03 394.03 394.03 394.03
 404.67 404.67 404.67 404.67 404.67 404.67 404.67 404.67 404.67 404.67 404.67 404.67 404.67 404.67 404.67 404.67 404.67 404.67 404.67 404.67 404.67 404.67 404.67 404.67
 403.13 403.51 404.67 404.47 403.61 402.55 403.50 404.52 405.41 405.38 405.12 404.88 405.07 405.12 404.49 403.63 403.10 402.97 403.16 403.42 403.86 404.32 404.59 403.75
 400.41 400.74 398.80 398.67 397.52 400.65 401.89 403.74 405.02 405.87 404.90 404.45 404.49 404.45 403.95 403.23 402.90 402.67 402.37 402.34 402.77 403.55 403.46 402.50
 398.08 390.93 386.30 383.03 391.60 398.54 401.22 402.05 404.73 405.33 404.37 403.68 403.58 403.37 403.16 402.80 402.60 402.44 402.07 401.77 402.05 402.42 402.45 401.53
 394.74 383.57 369.74 375.60 386.55 397.46 399.65 401.19 402.88 404.12 402.94 402.32 401.75 401.61 401.48 401.84 402.06 401.99 401.92 401.73 401.55 401.24 400.87 400.32
 393.88 381.62 375.02 377.63 389.72 395.85 397.86 399.14 400.45 401.25 400.70 399.79 399.11 399.09 399.39 399.65 399.82 400.28 400.82 401.17 400.76 399.51 398.57 398.43
 393.26 390.06 387.00 389.54 392.52 395.70 396.23 396.95 397.73 398.08 397.64 396.84 396.35 396.93 397.25 397.38 397.27 397.87 398.89 399.59 398.88 397.50 396.62 396.10
 394.87 394.89 394.90 394.94 395.08 395.25 395.37 395.47 395.43 395.53 395.16 394.86 394.79 395.43 395.86 395.92 395.67 396.10 396.93 397.37 397.11 396.33 395.59 395.11
 394.67 394.60 394.61 394.56 394.62 394.75 394.85 394.71 394.54 394.41 394.41 394.29 394.30 394.78 395.33 395.69 395.66 395.73 395.89 396.03 395.92 395.64 395.25 394.85
 394.41 394.35 394.29 394.25 394.20 394.24 394.33 394.36 394.36 394.46 394.51 394.37 394.19 394.48 395.11 395.53 395.54 395.45 395.40 395.42 395.30 395.02 394.66 394.52
 394.22 394.19 394.16 394.12 394.04 394.06 394.14 394.22 394.32 394.52 394.63 394.58 394.36 394.40 394.80 395.22 395.23 395.04 394.89 394.80 394.71 394.46 394.26 394.21
 394.39 394.39 394.39 394.39 394.39 394.39 394.39 394.39 394.39 394.39 394.39 394.39 394.39 394.39 394.39 394.39 394.39 394.39 394.39 394.39 394.39 394.39 394.39 394.39
 400.18 400.18 400.18 400.18 400.18 400.18 400.18 400.18 400.18 400.18 400.18 400.18 400.18 400.18 400.18 400.18 400.18 400.18 400.18 400.18 400.18 400.18 400.18 400.18
 399.33 399.04 399.62 399.17 398.36 397.42 398.37 399.46 400.31 400.25 400.11 400.38 401.35 402.02 401.44 399.98 397.92 397.06 397.77 399.35 400.31 400.67 400.72 400.03
 396.85 397.19 395.50 395.09 393.54 395.78 396.86 398.89 400.13 400.93 400.07 400.21 401.04 401.49 401.09 399.97 398.53 397.06 396.77 397.84 399.00 399.95 399.85 398.71
 395.25 389.43 385.71 382.51 388.96 394.13 396.18 397.55 400.37 401.09 400.56 400.56 400.95 401.05 400.68 399.98 399.26 398.75 397.99 398.02 398.68 399.34 399.35 398.43
 393.46 383.66 371.78 376.83 385.70 394.16 395.63 397.29 399.51 401.25 400.68 400.45 400.17 400.08 399.68 399.62 399.76 399.76 399.72 399.32 399.24 399.29 399.09 398.36
 393.97 383.10 377.01 379.25 389.48 394.35 395.46 396.75 398.50 400.05 399.84 399.09 398.48 398.29 398.37 398.38 398.51 399.05 399.54 399.89 399.68 399.00 398.30 398.19
 394.16 391.16 388.13 390.14 392.64 395.20 395.42 396.03 397.18 397.82 397.64 396.93 396.47 396.77 396.93 397.07 397.04 397.51 398.37 399.09 398.96 398.20 397.48 396.86
 395.72 395.60 395.31 395.10 395.03 395.11 395.16 395.40 395.59 395.81 395.53 395.32 395.27 395.74 396.08 396.16 396.05 396.37 397.03 397.50 397.67 397.40 396.80 396.15
 395.32 395.11 395.03 394.86 394.78 394.84 394.92 394.91 394.85 394.76 394.75 394.67 394.76 395.22 395.74 396.06 396.03 396.09 396.23 396.40 396.49 396.46 396.20 395.66
 394.88 394.79 394.70 394.64 394.52 394.55 394.68 394.77 394.74 394.75 394.72 394.63 394.55 394.89 395.52 395.92 395.90 395.80 395.73 395.75 395.69 395.55 395.28 395.11
 394.66 394.62 394.59 394.50 394.39 394.44 394.59 394.72 394.73 394.76 394.78 394.73 394.61 394.74 395.18 395.59 395.57 395.35 395.19 395.09 395.05 394.87 394.73 394.67
 394.74 394.74 394.74 394.74 394.74 394.74 394.74 394.74 394.74 394.74 394.74 394.74 394.74 394.74 394.74 394.74 394.74 394.74 394.74 394.74 394.74 394.74 394.74 394.74
 392.37 392.37 392.37 392.37 392.37 392.37 392.37 392.37 392.37 392.37 392.37 392.37 392.37 392.37 392.37 392.37 392.37 392.37 392.37 392.37 392.37 392.37 392.37 392.37
 394.45 393.29 392.18 391.27 391.50 392.01 392.46 392.63 392.81 392.24 391.43 391.72 393.30 394.76 394.32 391.25 388.66 387.34 388.97 391.31 393.32 394.54 394.86 394.69
 394.00 394.36 393.84 392.81 392.51 392.38 392.54 393.54 393.76 393.44 392.17 392.37 393.96 395.29 395.17 393.36 389.83 387.13 387.18 389.47 393.23 394.40 394.37 393.80
 394.33 395.08 395.29 394.41 393.40 392.68 392.64 394.20 395.58 395.25 394.53 395.00 395.85 396.56 396.55 395.10 393.88 390.67 389.28 391.64 393.84 394.87 394.62 394.34
 395.68 395.40 395.64 395.27 394.31 393.27 393.05 394.82 396.51 397.28 396.95 397.18 397.49 397.51 397.19 396.88 396.39 395.16 394.83 394.22 395.75 395.94 395.99 395.43
 396.73 396.77 396.13 395.80 394.94 393.93 393.49 395.14 396.85 398.31 398.10 397.80 397.61 397.52 397.19 396.69 396.67 397.20 397.22 397.25 396.94 397.16 396.82 396.91
 397.04 396.98 396.66 396.11 395.30 394.32 393.76 394.76 396.48 397.45 397.44 397.03 396.90 396.98 396.70 396.30 396.09 396.53 397.13 397.60 397.70 397.52 397.17 396.85
 396.53 396.62 396.26 395.96 395.28 394.46 393.94 394.67 395.64 396.39 396.25 396.22 396.29 396.43 396.18 395.78 395.50 395.89 396.53 397.03 397.27 397.29 397.00 396.66
 396.01 395.80 395.77 395.57 395.18 394.81 394.50 394.87 395.29 395.51 395.61 395.66 395.83 395.93 395.84 395.62 395.53 395.80 396.20 396.53 396.60 396.63 396.51 396.17
 395.40 395.32 395.24 395.26 395.11 395.03 395.06 395.20 395.28 395.36 395.39 395.47 395.56 395.62 395.61 395.55 395.53 395.70 395.86 395.97 395.96 395.90 395.76 395.66
 395.18 395.11 395.11 395.10 395.06 395.10 395.20 395.28 395.29 395.33 395.36 395.41 395.46 395.51 395.52 395.50 395.51 395.53 395.50 395.46 395.45 395.37 395.30 395.23
 395.28 395.28 395.28 395.28 395.28 395.28 395.28 395.28 395.28 395.28 395.28 395.28 395.28 395.28 395.28 395.28 395.28 395.28 395.28 395.28 395.28 395.28 395.28 395.28
 388.53 388.53 388.53 388.53 388.53 388.53 388.53 388.53 388.53 388.53 388.53 388.53 388.53 388.53 388.53 388.53 388.53 388.53 388.53 388.53 388.53 388.53 388.53 388.53
 390.62 390.57 390.21 389.64 390.31 390.77 390.00 388.64 388.06 387.78 387.45 387.75 388.69 389.64 389.69 388.43 387.63 386.64 386.73 387.46 389.02 390.23 390.37 390.18
 390.59 391.63 391.75 391.18 391.62 392.01 391.88 391.30 390.56 389.96 389.09 389.03 390.00 391.11 391.33 390.88 389.17 386.64 385.66 386.48 389.76 390.57 390.72 390.07
 391.03 392.23 393.01 392.77 392.54 392.64 392.70 393.45 393.44 392.89 392.07 392.11 392.55 393.29 393.63 393.07 392.59 389.37 387.41 389.11 390.60 391.75 391.80 391.28
 393.01 393.08 393.84 394.26 393.71 393.06 392.91 393.95 394.97 395.17 394.93 394.86 395.08 395.31 395.31 395.05 394.57 393.24 392.72 391.55 393.05 393.41 393.89 393.26
 395.33 395.39 395.35 395.64 394.67 393.41 392.69 394.15 395.52 396.79 396.55 396.27 396.25 396.41 396.22 395.76 395.77 396.03 395.53 395.04 394.70 395.56 395.69 395.80
 396.72 396.73 396.62 396.54 395.24 393.59 392.52 393.75 395.67 396.81 396.74 396.41 396.43 396.59 396.52 396.24 396.09 396.26 396.25 396.18 396.43 396.86 396.96 396.85
 396.90 396.85 396.57 396.37 395.33 393.91 392.99 394.02 395.52 396.57 396.32 396.16 396.16 396.36 396.35 396.21 396.06 396.23 396.44 396.65 396.89 397.18 397.24 397.08
 396.43 396.22 396.16 396.00 395.41 394.73 394.17 394.81 395.59 396.05 396.02 395.84 395.82 395.98 396.11 396.11 396.07 396.25 396.52 396.75 396.77 396.81 396.80 396.59
 395.89 395.80 395.71 395.71 395.54 395.37 395.35 395.53 395.74 395.96 395.98 395.88 395.71 395.76 395.94 396.05 396.06 396.15 396.24 396.30 396.29 396.23 396.13 396.08
 395.65 395.59 395.57 395.58 395.56 395.60 395.68 395.74 395.82 395.99 396.09 396.05 395.86 395.75 395.82 395.94 396.00 395.99 395.94 395.91 395.88 395.79 395.72 395.68
 395.76 395.76 395.76 395.76 395.76 395.76 395.76 395.76 395.76 395.76 395.76 395.76 395.76 395.76 395.76 395.76 395.76 395.76 395.76 395.76 395.76 395.76 395.76 395.76
 391.27 391.27 391.27 391.27 391.27 391.27 391.27 391.27 391.27 391.27 391.27 391.27 391.27 391.27 391.27 391.27 391.27 391.27 391.27 391.27 391.27 391.27 391.27 391.27
 392.07 391.93 391.11 390.38 391.88 393.93 394.47 393.71 393.10 392.39 391.38 390.69 390.62 391.05 392.70 393.95 393.90 392.74 391.53 390.84 390.75 391.13 391.52 391.49
 392.69 393.81 393.40 392.70 393.76 395.09 396.22 395.98 395.07 393.57 392.05 391.46 391.64 392.76 394.44 395.33 394.79 393.19 392.65 391.90 391.69 391.66 391.65 391.60
 393.00 394.47 395.27 394.96 394.96 395.65 396.49 397.38 396.48 394.68 393.39 392.79 393.00 394.04 395.70 396.24 395.29 394.07 393.33 393.19 392.65 392.53 392.33 392.30
 393.85 394.53 395.54 396.02 395.57 395.43 395.98 396.46 396.20 395.42 394.55 394.17 394.31 395.19 396.34 396.21 395.55 394.37 394.24 393.65 393.65 393.67 393.92 393.71
 395.36 395.59 395.99 396.44 395.72 394.95 394.60 395.24 395.55 395.79 395.51 395.21 395.46 396.06 396.37 396.06 395.33 394.99 394.66 394.58 394.65 395.34 395.62 395.65
 396.38 396.32 396.42 396.68 395.70 394.46 393.61 394.43 395.41 395.99 395.87 395.82 396.05 396.31 396.39 395.92 395.63 395.51 395.43 395.41 395.97 396.70 396.94 396.79
 396.59 396.38 396.35 396.47 395.75 394.59 393.83 394.48 395.49 396.13 395.96 395.84 395.90 396.14 396.18 396.08 395.94 396.02 396.09 396.27 396.68 397.19 397.33 397.03
 396.21 396.02 396.10 396.16 395.75 395.19 394.72 395.20 395.73 396.04 395.90 395.64 395.57 395.75 395.94 395.98 395.96 396.14 396.39 396.61 396.71 396.87 396.89 396.55
 395.90 395.85 395.88 395.91 395.77 395.62 395.63 395.78 395.91 396.01 395.93 395.73 395.50 395.55 395.76 395.93 396.00 396.14 396.27 396.34 396.35 396.36 396.27 396.12
 395.84 395.83 395.85 395.81 395.73 395.77 395.88 395.97 395.99 396.04 396.05 395.95 395.70 395.56 395.65 395.86 396.03 396.12 396.14 396.13 396.09 396.01 395.93 395.87
 395.90 395.90 395.90 395.90 395.90 395.90 395.90 395.90 395.90 395.90 395.90 395.90 395.90 395.90 395.90 395.90 395.90 395.90 395.90 395.90 395.90 395.90 395.90 395.90
 397.23 397.23 397.23 397.23 397.23 397.23 397.23 397.23 397.23 397.23 397.23 397.23 397.23 397.23 397.23 397.23 397.23 397.23 397.23 397.23 397.23 397.23 397.23 397.23
 398.56 398.80 398.58 397.40 397.72 399.00 399.43 399.36 398.88 398.46 397.65 396.91 396.38 396.22 397.56 399.49 400.07 398.89 397.36 396.13 396.02 396.73 397.92 397.65
 398.52 400.72 400.38 398.95 398.72 399.08 400.94 401.45 401.29 399.61 398.12 397.10 396.67 397.23 398.86 399.97 400.43 399.43 398.65 397.84 396.68 396.71 396.58 396.86
 397.75 399.97 401.41 400.41 399.28 399.04 400.47 402.41 401.77 399.58 397.91 396.70 396.53 397.30 399.10 400.16 399.10 398.54 398.61 398.03 397.28 396.30 395.67 395.78
 396.47 397.89 399.49 399.64 398.79 398.32 399.68 400.33 399.90 398.20 396.88 396.24 396.21 396.90 398.42 398.53 397.74 396.61 397.02 397.29 396.58 396.00 395.71 395.70
 396.38 397.04 397.76 398.02 397.57 397.29 397.58 397.66 397.42 396.57 396.25 396.06 396.29 396.82 397.28 397.19 396.16 395.69 395.70 396.04 396.16 396.32 396.36 396.27
 396.45 396.49 396.67 396.90 396.59 396.13 395.85 396.17 396.25 396.22 396.05 396.15 396.40 396.61 396.70 396.17 395.89 395.75 395.87 395.92 396.40 396.87 396.93 396.69
 396.46 396.38 396.46 396.62 396.26 395.61 395.19 395.43 395.83 396.08 396.03 396.03 396.15 396.34 396.34 396.20 396.04 396.13 396.25 396.43 396.80 397.15 397.12 396.77
 396.27 396.18 396.21 396.23 396.02 395.76 395.53 395.72 395.91 396.00 395.96 395.87 395.88 396.01 396.10 396.09 396.05 396.18 396.37 396.56 396.66 396.80 396.77 396.50
 396.09 396.04 396.00 395.95 395.86 395.82 395.88 395.96 395.96 395.96 395.91 395.85 395.79 395.84 395.96 396.04 396.06 396.14 396.22 396.24 396.30 396.32 396.28 396.21
 396.00 395.99 395.96 395.90 395.82 395.86 395.96 396.04 396.01 395.98 395.95 395.91 395.83 395.81 395.88 395.99 396.06 396.10 396.09 396.09 396.07 396.04 396.01 396.00
 395.96 395.96 395.96 395.96 395.96 395.96 395.96 395.96 395.96 395.96 395.96 395.96 395.96 395.96 395.96 395.96 395.96 395.96 395.96 395.96 395.96 395.96 395.96 395.96
 402.51 402.51 402.51 402.51 402.51 402.51 402.51 402.51 402.51 402.51 402.51 402.51 402.51 402.51 402.51 402.51 402.51 402.51 402.51 402.51 402.51 402.51 402.51 402.51
 403.80 404.82 405.88 404.78 403.19 402.17 401.85 402.46 402.46 402.48 402.40 402.16 401.79 401.45 402.19 403.88 404.69 404.31 402.71 401.29 400.82 401.42 402.71 402.42
 402.84 405.93 406.21 404.57 402.75 401.24 402.16 403.25 403.78 402.94 402.20 401.82 401.43 401.42 401.84 402.86 404.56 404.56 403.65 402.12 400.65 401.04 400.90 401.03
 401.03 403.63 405.58 404.27 402.48 401.49 402.66 404.43 404.22 402.09 401.08 400.43 400.32 400.14 400.34 401.29 401.75 403.04 402.46 401.21 400.62 399.92 399.33 398.99
 398.50 400.02 401.99 401.98 400.95 400.75 402.79 403.91 402.59 400.51 399.20 398.90 398.71 398.55 398.69 399.08 399.70 399.74 400.02 400.02 399.24 398.88 398.36 397.90
 397.56 398.28 399.08 399.22 398.48 398.42 399.51 400.13 399.88 398.39 397.85 397.70 397.61 397.55 397.69 398.02 397.77 397.81 397.93 398.31 398.31 398.13 397.91 397.53
 397.03 397.02 397.20 397.35 396.52 395.47 394.86 396.09 397.01 397.48 396.99 396.87 396.87 397.09 397.26 397.32 397.24 397.22 397.35 397.44 397.73 397.84 397.65 397.22
 396.74 396.71 396.77 396.91 395.89 394.23 393.15 394.12 395.57 396.56 396.34 396.27 396.39 396.68 396.97 397.02 396.99 396.94 396.97 397.05 397.42 397.65 397.48 397.05
 396.50 396.39 396.36 396.31 395.73 395.00 394.35 394.95 395.66 396.07 396.03 395.96 396.04 396.34 396.65 396.90 396.91 396.78 396.60 396.63 396.78 397.01 397.02 396.73
 396.20 396.10 395.97 395.88 395.72 395.57 395.55 395.70 395.83 395.95 395.90 395.89 395.87 396.03 396.37 396.67 396.72 396.47 396.27 396.14 396.25 396.32 396.36 396.33
 395.99 395.93 395.86 395.81 395.76 395.80 395.88 395.93 395.93 395.95 395.97 395.95 395.90 395.92 396.11 396.34 396.35 396.16 395.98 395.95 395.94 395.97 395.98 396.00
 395.92 395.92 395.92 395.92 395.92 395.92 395.92 395.92 395.92 395.92 395.92 395.92 395.92 395.92 395.92 395.92 395.92 395.92 395.92 395.92 395.92 395.92 395.92 395.92
 404.99 404.99 404.99 404.99 404.99 404.99 404.99 404.99 404.99 404.99 404.99 404.99 404.99 404.99 404.99 404.99 404.99 404.99 404.99 404.99 404.99 404.99 404.99 404.99
 405.35 406.24 406.99 405.84 404.07 402.94 403.01 404.20 404.67 404.68 404.42 404.28 404.36 404.40 405.54 408.04 409.00 408.34 406.42 404.68 403.46 403.19 403.89 403.84
 404.55 407.07 406.94 405.28 403.66 402.06 402.60 404.12 405.38 405.19 404.31 403.76 403.62 403.65 404.30 405.73 408.24 408.45 407.21 404.93 402.73 402.72 402.52 402.79
 403.01 404.82 405.97 404.69 403.58 403.16 404.14 405.65 406.26 404.53 403.35 402.52 402.26 401.98 402.01 403.14 404.32 406.34 405.29 403.16 402.27 401.59 401.18 401.07
 400.43 401.44 402.66 402.49 402.33 403.05 405.54 406.80 405.08 403.01 401.41 400.88 400.38 400.02 400.09 400.73 401.72 401.89 401.95 401.75 400.76 400.47 400.01 399.76
 398.76 399.34 399.91 400.02 399.74 400.53 402.29 403.04 402.39 400.35 399.56 399.27 398.84 398.65 398.91 399.40 399.01 398.89 399.15 399.75 399.79 399.27 398.95 398.64
 397.56 397.54 397.96 398.26 397.67 396.79 396.37 397.61 398.34 398.60 397.94 397.72 397.62 397.81 398.02 398.08 397.81 397.76 398.16 398.53 398.67 398.44 398.12 397.66
 396.78 396.80 397.19 397.67 396.72 394.91 393.77 394.68 396.00 396.93 396.58 396.57 396.73 397.16 397.40 397.30 397.13 397.08 397.33 397.49 397.82 397.87 397.64 397.19
 396.45 396.35 396.55 396.75 396.17 395.33 394.63 395.13 395.75 396.00 395.93 395.87 396.17 396.60 396.90 397.06 396.97 396.79 396.55 396.60 396.73 397.04 397.10 396.77
 396.08 395.95 395.92 395.90 395.79 395.57 395.49 395.60 395.67 395.72 395.60 395.69 395.82 396.18 396.54 396.78 396.73 396.34 396.07 395.85 396.07 396.23 396.37 396.31
 395.85 395.72 395.64 395.64 395.65 395.67 395.69 395.70 395.67 395.63 395.61 395.63 395.75 395.95 396.25 396.42 396.27 395.93 395.65 395.62 395.68 395.87 395.97 395.95
 395.75 395.75 395.75 395.75 395.75 395.75 395.75 395.75 395.75 395.75 395.75 395.75 395.75 395.75 395.75 395.75 395.75 395.75 395.75 395.75 395.75 395.75 395.75 395.75
