2015 MONTHLY CO2 (PPMV)   24  12  LON/LAT (N-S/0-360E) IN 15 DEGREE RESOLUTION,  GLB ANNUAL MEAN = 400.17,  GROWTH RATE = 2.95,  MISS DATA = -99.99
 405.79 405.79 405.79 405.79 405.79 405.79 405.79 405.79 405.79 405.79 405.79 405.79 405.79 405.79 405.79 405.79 405.79 405.79 405.79 405.79 405.79 405.79 405.79 405.79
 406.38 407.51 407.96 406.78 405.15 404.23 404.66 406.02 406.67 406.35 405.50 404.95 405.02 405.27 405.99 407.42 407.80 407.46 406.45 405.46 404.22 403.32 403.46 404.15
 405.72 407.78 407.51 405.80 404.28 403.07 403.55 405.36 406.67 406.51 405.30 404.44 404.32 404.45 405.29 406.18 407.38 407.20 406.51 405.32 403.68 403.11 402.89 403.59
 404.23 405.54 406.15 404.88 403.78 403.15 404.56 406.05 407.37 405.70 404.56 403.65 403.17 403.02 403.33 404.45 404.53 405.42 404.83 403.90 403.23 402.42 402.03 402.28
 401.71 402.47 403.28 402.94 402.58 403.05 405.36 407.70 406.25 404.43 402.93 402.30 401.61 401.13 401.49 402.02 402.38 402.10 402.38 402.66 401.86 401.31 400.81 400.80
 399.45 400.14 400.77 400.94 400.88 401.51 403.83 404.51 404.09 401.70 400.98 400.60 399.95 399.75 399.91 400.26 399.64 399.66 400.10 400.80 400.52 399.65 399.21 399.11
 397.66 397.85 398.76 399.47 399.57 399.53 399.66 400.24 399.87 399.41 398.79 398.60 398.52 398.68 398.85 398.68 398.21 398.17 398.80 399.18 398.93 398.26 397.89 397.57
 396.50 396.63 397.31 398.19 398.22 397.63 397.25 397.22 397.10 397.10 396.83 397.07 397.43 397.95 397.99 397.63 397.26 397.22 397.59 397.74 397.76 397.49 397.20 396.86
 396.18 396.11 396.37 396.62 396.72 396.74 396.57 396.38 396.23 395.93 395.93 396.11 396.81 397.34 397.42 397.29 397.04 396.87 396.64 396.66 396.65 396.77 396.76 396.46
 395.86 395.75 395.63 395.59 395.71 395.84 395.89 395.82 395.70 395.61 395.49 395.82 396.27 396.90 397.12 397.07 396.81 396.36 396.07 395.85 396.01 396.09 396.13 396.05
 395.71 395.63 395.59 395.61 395.66 395.66 395.60 395.55 395.53 395.47 395.47 395.59 396.03 396.52 396.93 396.84 396.38 395.85 395.54 395.49 395.55 395.71 395.78 395.76
 395.74 395.74 395.74 395.74 395.74 395.74 395.74 395.74 395.74 395.74 395.74 395.74 395.74 395.74 395.74 395.74 395.74 395.74 395.74 395.74 395.74 395.74 395.74 395.74
 406.43 406.43 406.43 406.43 406.43 406.43 406.43 406.43 406.43 406.43 406.43 406.43 406.43 406.43 406.43 406.43 406.43 406.43 406.43 406.43 406.43 406.43 406.43 406.43
 407.23 407.69 407.76 406.73 405.70 405.40 406.01 407.24 407.73 407.33 406.39 405.91 406.09 406.31 405.80 406.13 406.66 407.39 407.14 406.41 405.32 404.42 404.60 405.40
 406.58 408.30 407.80 406.42 405.61 404.81 405.40 406.65 407.71 407.31 406.15 405.28 405.17 405.03 404.92 405.12 406.57 407.34 407.02 406.19 404.75 404.16 403.97 404.69
 405.23 406.48 407.08 406.09 405.70 405.87 406.70 407.59 408.02 406.52 405.41 404.50 403.91 403.61 403.41 404.34 404.60 405.77 405.58 404.85 404.28 403.43 403.05 403.34
 402.61 403.45 404.38 404.23 404.69 405.86 408.06 408.75 407.02 405.26 403.85 403.13 402.39 401.86 402.13 402.61 402.97 402.88 403.20 403.62 402.86 402.16 401.61 401.60
 399.94 400.79 401.60 401.97 402.46 403.86 405.69 405.77 404.67 402.58 401.79 401.24 400.52 400.43 400.60 400.88 400.30 400.32 400.89 401.58 401.23 400.10 399.52 399.50
 397.76 398.07 399.28 400.25 400.73 400.81 401.02 401.16 400.57 399.93 399.31 398.96 398.84 399.13 399.36 399.12 398.52 398.54 399.32 399.77 399.22 398.20 397.77 397.55
 396.42 396.64 397.56 398.70 398.91 398.40 398.08 397.88 397.48 397.32 397.04 397.26 397.61 398.20 398.25 397.79 397.30 397.36 397.92 398.12 397.86 397.29 396.93 396.68
 396.18 396.18 396.50 396.82 397.04 397.14 397.00 396.65 396.38 396.00 396.04 396.27 396.99 397.54 397.55 397.35 397.07 397.01 396.96 397.01 396.87 396.74 396.60 396.37
 395.92 395.82 395.67 395.59 395.75 395.89 395.90 395.77 395.70 395.67 395.62 395.97 396.45 397.08 397.25 397.15 396.89 396.58 396.39 396.27 396.30 396.21 396.09 396.02
 395.74 395.69 395.63 395.63 395.67 395.60 395.47 395.38 395.43 395.49 395.57 395.72 396.19 396.69 397.09 396.97 396.55 396.09 395.84 395.77 395.78 395.80 395.77 395.75
 395.79 395.79 395.79 395.79 395.79 395.79 395.79 395.79 395.79 395.79 395.79 395.79 395.79 395.79 395.79 395.79 395.79 395.79 395.79 395.79 395.79 395.79 395.79 395.79
 407.09 407.09 407.09 407.09 407.09 407.09 407.09 407.09 407.09 407.09 407.09 407.09 407.09 407.09 407.09 407.09 407.09 407.09 407.09 407.09 407.09 407.09 407.09 407.09
 407.35 408.25 409.09 408.59 407.43 406.79 406.90 407.79 408.09 407.94 407.30 406.87 406.75 406.67 406.17 406.29 406.65 407.35 407.36 407.00 406.16 405.35 405.30 405.78
 406.53 408.25 408.35 407.56 406.77 406.00 406.86 408.02 409.09 408.58 407.46 406.38 406.00 405.75 405.34 405.33 406.61 407.38 407.52 406.91 405.85 405.15 404.69 405.04
 405.43 406.50 407.07 406.41 406.31 406.74 407.69 408.90 409.20 407.86 406.51 405.32 404.78 404.51 404.18 404.68 405.08 406.29 406.17 405.77 405.44 404.51 403.91 403.99
 403.40 403.85 404.38 404.02 404.73 406.14 408.41 408.65 407.40 405.79 404.37 403.61 403.13 402.81 403.07 403.50 403.89 403.69 403.94 404.36 403.94 403.15 402.48 402.45
 400.71 401.29 401.44 401.40 402.04 403.64 405.20 405.15 404.17 402.51 401.89 401.45 400.99 401.17 401.52 401.86 401.21 400.96 401.51 402.28 402.11 400.98 400.28 400.26
 398.32 398.36 399.08 399.50 400.00 400.20 400.52 400.67 400.34 399.90 399.40 399.09 399.05 399.44 399.85 399.64 398.89 399.00 399.97 400.67 400.09 398.99 398.42 398.08
 396.81 396.93 397.54 398.33 398.41 397.96 397.66 397.62 397.43 397.45 397.25 397.41 397.65 398.22 398.33 397.88 397.32 397.62 398.66 399.15 398.83 398.07 397.52 397.13
 396.55 396.51 396.69 396.88 396.97 396.96 396.79 396.53 396.39 396.14 396.27 396.51 397.06 397.47 397.49 397.32 397.08 397.32 397.68 397.99 397.74 397.41 397.09 396.76
 396.20 396.08 395.94 395.87 395.94 395.96 395.89 395.78 395.75 395.78 395.81 396.17 396.59 397.04 397.17 397.12 396.97 396.92 396.96 396.95 396.92 396.67 396.39 396.30
 395.91 395.85 395.78 395.80 395.83 395.71 395.53 395.41 395.48 395.57 395.68 395.86 396.30 396.72 397.02 396.97 396.73 396.46 396.26 396.19 396.14 396.04 395.92 395.91
 395.92 395.92 395.92 395.92 395.92 395.92 395.92 395.92 395.92 395.92 395.92 395.92 395.92 395.92 395.92 395.92 395.92 395.92 395.92 395.92 395.92 395.92 395.92 395.92
 406.89 406.89 406.89 406.89 406.89 406.89 406.89 406.89 406.89 406.89 406.89 406.89 406.89 406.89 406.89 406.89 406.89 406.89 406.89 406.89 406.89 406.89 406.89 406.89
 406.66 407.32 407.70 407.35 406.79 406.71 406.99 407.64 407.98 408.05 407.81 407.50 407.30 407.08 406.56 406.19 406.26 406.83 407.17 406.99 406.42 405.82 405.70 405.74
 405.59 406.75 407.09 406.79 406.83 406.61 407.35 408.58 409.69 409.54 408.22 407.17 406.76 406.58 405.96 405.52 405.78 406.82 407.28 407.04 405.65 405.20 405.02 404.96
 404.64 405.44 406.13 406.07 406.78 407.94 408.42 409.44 410.12 409.05 407.34 406.00 405.68 405.54 405.25 405.06 404.70 405.62 406.56 405.94 404.91 404.28 404.27 404.07
 403.27 403.35 403.66 403.30 404.80 407.05 409.13 408.63 407.70 406.71 404.97 404.15 403.86 403.86 404.21 404.39 403.94 403.99 404.47 404.88 403.85 403.17 402.83 402.71
 400.92 401.14 400.55 400.03 401.16 403.66 405.05 404.85 403.88 402.87 402.25 401.67 401.35 401.84 402.53 402.78 401.96 401.62 402.36 403.13 402.88 401.63 400.80 400.58
 398.70 398.44 398.28 397.75 398.43 399.11 399.83 400.05 400.13 400.01 399.54 399.13 399.03 399.63 400.38 400.32 399.51 399.56 400.66 401.54 401.19 400.07 399.14 398.45
 397.29 397.35 397.33 397.36 397.22 397.01 396.86 397.09 397.28 397.58 397.49 397.50 397.54 398.10 398.46 398.21 397.70 398.01 399.13 399.79 399.74 399.09 398.27 397.59
 397.04 396.95 396.88 396.77 396.68 396.60 396.48 396.42 396.45 396.46 396.70 396.91 397.08 397.32 397.48 397.53 397.42 397.70 398.12 398.50 398.40 398.16 397.74 397.25
 396.64 396.53 396.38 396.31 396.26 396.19 396.09 396.04 396.13 396.28 396.45 396.67 396.84 396.97 397.14 397.29 397.31 397.36 397.43 397.48 397.43 397.18 396.86 396.75
 396.29 396.24 396.18 396.18 396.18 396.06 395.91 395.83 395.95 396.15 396.32 396.46 396.65 396.81 396.95 397.06 397.05 396.92 396.75 396.67 396.60 396.43 396.27 396.26
 396.30 396.30 396.30 396.30 396.30 396.30 396.30 396.30 396.30 396.30 396.30 396.30 396.30 396.30 396.30 396.30 396.30 396.30 396.30 396.30 396.30 396.30 396.30 396.30
 405.74 405.74 405.74 405.74 405.74 405.74 405.74 405.74 405.74 405.74 405.74 405.74 405.74 405.74 405.74 405.74 405.74 405.74 405.74 405.74 405.74 405.74 405.74 405.74
 404.88 404.87 404.71 404.36 404.27 404.82 405.81 406.83 407.36 407.19 406.79 406.59 406.90 406.94 406.00 404.81 404.31 404.60 405.01 405.19 405.32 405.24 405.15 404.72
 403.51 404.00 404.39 404.32 404.75 404.88 405.55 406.93 407.93 407.89 406.63 406.18 406.38 406.43 405.58 404.48 403.92 404.20 403.98 403.93 403.81 404.45 404.56 403.84
 402.80 403.23 403.92 404.15 405.10 406.36 405.82 406.63 407.47 407.32 406.01 405.35 405.51 405.52 405.14 404.55 403.65 403.58 403.78 403.07 402.91 403.56 404.01 403.15
 402.26 402.02 402.24 401.98 403.51 405.45 406.20 404.95 405.40 405.87 404.51 403.98 403.83 404.00 404.35 404.29 403.57 403.32 403.40 403.34 402.83 402.85 402.73 402.15
 400.59 400.64 399.82 399.25 400.17 402.13 402.07 402.28 402.19 403.12 402.53 401.68 401.30 401.93 402.71 402.76 401.96 401.77 402.51 403.15 402.96 401.86 400.96 400.50
 398.78 398.51 398.13 397.36 397.64 397.66 397.93 398.44 399.66 400.30 399.91 399.11 398.82 399.65 400.46 400.33 399.35 399.46 400.73 401.83 401.67 400.63 399.51 398.60
 397.62 397.70 397.46 397.20 396.69 396.12 395.76 396.44 397.29 398.01 397.75 397.49 397.38 397.99 398.39 397.99 397.35 397.70 398.93 399.81 400.05 399.61 398.70 397.88
 397.47 397.40 397.16 396.87 396.55 396.33 396.12 396.35 396.66 396.89 397.00 397.04 397.02 397.21 397.27 397.22 397.06 397.45 398.01 398.48 398.58 398.52 398.15 397.65
 397.15 397.05 396.80 396.63 396.51 396.47 396.47 396.53 396.67 396.84 396.95 396.96 396.92 396.89 396.94 397.01 397.08 397.35 397.58 397.73 397.69 397.51 397.25 397.21
 396.79 396.77 396.66 396.59 396.55 396.55 396.55 396.56 396.65 396.81 396.93 396.96 396.91 396.86 396.83 396.93 397.06 397.16 397.14 397.09 397.02 396.82 396.67 396.71
 396.74 396.74 396.74 396.74 396.74 396.74 396.74 396.74 396.74 396.74 396.74 396.74 396.74 396.74 396.74 396.74 396.74 396.74 396.74 396.74 396.74 396.74 396.74 396.74
 401.23 401.23 401.23 401.23 401.23 401.23 401.23 401.23 401.23 401.23 401.23 401.23 401.23 401.23 401.23 401.23 401.23 401.23 401.23 401.23 401.23 401.23 401.23 401.23
 401.44 400.54 399.25 398.42 398.71 400.10 401.38 402.53 403.02 403.11 403.07 403.03 403.12 403.04 402.14 399.91 398.53 397.91 398.80 399.87 401.09 401.70 401.71 401.35
 400.14 400.05 399.42 399.07 401.19 401.74 402.17 402.14 403.14 403.47 403.16 403.09 403.18 403.17 402.36 400.80 399.11 397.87 397.10 397.56 399.92 401.47 401.63 400.63
 399.84 399.55 399.19 399.93 403.61 408.14 404.87 403.43 401.99 403.54 403.27 403.11 403.16 403.05 402.68 401.62 400.97 399.51 398.05 398.10 399.66 401.35 401.78 400.56
 400.26 399.27 398.80 399.43 404.70 409.49 409.74 402.28 401.47 403.07 403.09 402.71 402.44 402.49 402.49 402.24 402.09 401.24 400.90 400.04 400.82 401.37 401.35 400.53
 399.86 399.51 398.59 398.83 401.54 406.36 404.26 402.30 399.63 402.06 402.02 401.18 400.71 401.20 401.64 401.40 400.81 401.02 401.41 401.77 401.53 401.00 400.40 400.12
 398.99 398.67 398.47 398.13 398.93 398.63 398.61 398.03 399.32 400.03 400.00 399.08 398.76 399.55 400.11 399.83 398.95 399.13 400.24 401.12 400.96 400.22 399.57 399.03
 398.17 398.04 397.94 397.87 397.15 396.13 395.47 396.35 397.52 398.41 398.03 397.68 397.54 398.13 398.48 398.06 397.46 397.76 398.76 399.49 399.68 399.46 399.01 398.52
 398.01 397.90 397.67 397.47 397.02 396.57 396.16 396.55 397.03 397.32 397.32 397.24 397.20 397.42 397.47 397.39 397.23 397.58 398.10 398.49 398.59 398.61 398.49 398.20
 397.69 397.58 397.34 397.15 396.98 396.88 396.86 396.96 397.11 397.24 397.26 397.21 397.12 397.10 397.14 397.20 397.28 397.58 397.83 398.00 397.94 397.83 397.66 397.69
 397.30 397.28 397.16 397.08 397.01 397.02 397.05 397.07 397.12 397.22 397.27 397.26 397.16 397.08 397.04 397.15 397.33 397.50 397.53 397.50 397.43 397.24 397.12 397.20
 397.15 397.15 397.15 397.15 397.15 397.15 397.15 397.15 397.15 397.15 397.15 397.15 397.15 397.15 397.15 397.15 397.15 397.15 397.15 397.15 397.15 397.15 397.15 397.15
 394.45 394.45 394.45 394.45 394.45 394.45 394.45 394.45 394.45 394.45 394.45 394.45 394.45 394.45 394.45 394.45 394.45 394.45 394.45 394.45 394.45 394.45 394.45 394.45
 397.46 397.00 396.60 395.75 395.56 395.25 394.69 394.48 394.82 395.40 395.63 395.43 394.92 394.80 394.47 393.02 391.50 390.63 391.44 393.37 395.10 396.01 395.99 396.38
 397.67 398.71 397.49 396.40 397.34 397.00 396.05 395.85 397.14 398.35 397.90 396.63 396.02 395.96 395.69 394.83 393.35 391.06 390.88 392.56 396.24 397.17 396.86 396.64
 398.08 398.32 397.70 397.16 399.15 401.65 399.53 398.64 399.26 400.75 399.76 398.39 397.83 397.82 397.53 396.80 396.62 394.88 393.03 395.34 397.67 398.56 398.02 397.48
 398.25 397.62 397.29 397.70 400.74 403.46 403.73 400.31 400.14 401.29 400.79 399.63 399.36 399.46 399.12 398.68 398.96 398.09 398.25 397.71 399.36 399.44 399.01 398.38
 398.65 398.40 398.07 398.53 399.74 402.23 401.32 400.72 399.74 401.01 400.60 399.58 399.38 399.73 399.71 399.13 398.88 399.51 399.67 399.92 399.59 399.61 399.21 399.05
 398.73 398.57 398.70 398.86 398.76 397.85 397.30 397.59 399.04 399.89 399.61 398.80 398.58 399.17 399.40 399.08 398.67 398.93 399.61 399.95 399.81 399.47 399.22 398.96
 398.37 398.21 398.29 398.50 397.68 396.30 395.39 396.31 397.60 398.58 398.39 398.12 397.98 398.35 398.71 398.57 398.29 398.53 399.10 399.47 399.43 399.27 399.06 398.75
 398.09 397.95 397.98 398.01 397.55 396.91 396.33 396.78 397.35 397.82 397.95 397.94 397.77 397.89 398.09 398.23 398.21 398.45 398.84 399.09 399.02 398.85 398.66 398.35
 397.79 397.70 397.65 397.63 397.51 397.34 397.28 397.37 397.62 397.88 398.05 397.98 397.80 397.66 397.80 398.03 398.17 398.35 398.49 398.61 398.50 398.30 398.02 397.90
 397.59 397.56 397.54 397.54 397.51 397.51 397.53 397.56 397.69 397.93 398.09 398.08 397.89 397.71 397.66 397.85 398.05 398.14 398.11 398.04 397.98 397.78 397.61 397.58
 397.70 397.70 397.70 397.70 397.70 397.70 397.70 397.70 397.70 397.70 397.70 397.70 397.70 397.70 397.70 397.70 397.70 397.70 397.70 397.70 397.70 397.70 397.70 397.70
 390.56 390.56 390.56 390.56 390.56 390.56 390.56 390.56 390.56 390.56 390.56 390.56 390.56 390.56 390.56 390.56 390.56 390.56 390.56 390.56 390.56 390.56 390.56 390.56
 393.64 393.41 391.94 390.88 391.66 392.40 391.96 391.23 391.39 391.43 390.87 390.32 390.13 390.52 390.90 390.81 390.40 389.86 389.92 390.72 391.65 392.27 392.03 392.36
 395.02 396.22 395.03 394.28 396.38 396.20 394.51 393.28 394.03 394.76 393.40 391.76 391.51 391.94 392.31 392.39 391.91 390.43 390.17 391.04 393.34 393.44 393.05 393.26
 396.07 397.24 397.54 397.92 400.65 404.09 400.68 398.18 397.41 397.84 396.09 394.45 394.05 394.44 394.45 394.18 394.50 393.37 391.94 393.66 395.00 395.21 394.50 394.72
 396.75 397.31 397.88 399.08 403.30 407.24 407.83 401.90 399.27 399.24 398.04 396.79 396.76 397.01 396.64 396.10 396.43 396.13 396.19 395.61 396.67 396.59 396.41 396.38
 397.84 398.08 398.39 399.26 401.21 405.45 404.66 402.82 399.62 399.69 398.95 398.03 398.12 398.34 397.94 397.20 397.24 398.00 397.93 397.66 397.09 397.49 397.62 397.94
 398.64 398.75 398.85 399.04 399.28 398.66 398.33 398.13 398.97 399.35 399.00 398.45 398.41 398.72 398.53 398.07 397.95 398.26 398.49 398.34 398.06 398.16 398.47 398.73
 398.98 398.94 398.87 398.81 397.77 396.25 395.25 396.23 397.67 398.72 398.65 398.46 398.35 398.48 398.58 398.40 398.22 398.47 398.74 398.89 398.71 398.73 398.86 399.02
 398.87 398.81 398.63 398.45 397.84 397.13 396.50 397.06 397.78 398.40 398.56 398.52 398.25 398.24 398.29 398.32 398.28 398.57 399.01 399.25 399.13 398.94 398.82 398.85
 398.61 398.52 398.32 398.17 397.99 397.82 397.75 397.87 398.20 398.60 398.86 398.69 398.39 398.11 398.11 398.20 398.33 398.63 398.85 399.03 398.88 398.68 398.48 398.54
 398.29 398.25 398.14 398.10 398.07 398.09 398.12 398.14 398.34 398.75 399.00 398.96 398.60 398.27 398.07 398.17 398.39 398.58 398.65 398.60 398.54 398.32 398.19 398.23
 398.33 398.33 398.33 398.33 398.33 398.33 398.33 398.33 398.33 398.33 398.33 398.33 398.33 398.33 398.33 398.33 398.33 398.33 398.33 398.33 398.33 398.33 398.33 398.33
 394.77 394.77 394.77 394.77 394.77 394.77 394.77 394.77 394.77 394.77 394.77 394.77 394.77 394.77 394.77 394.77 394.77 394.77 394.77 394.77 394.77 394.77 394.77 394.77
 395.17 396.04 395.96 395.89 396.43 397.25 397.62 398.19 398.69 397.90 396.10 394.46 393.76 393.61 394.31 395.03 395.23 394.85 394.08 393.46 393.08 393.06 393.06 393.51
 396.14 398.04 398.01 398.82 402.29 401.72 399.82 397.70 398.37 398.22 396.49 394.87 394.56 394.90 395.23 395.75 396.14 395.51 394.81 393.60 393.52 393.48 393.71 394.16
 396.47 398.32 399.62 402.00 408.03 415.06 408.31 402.51 398.02 398.23 396.68 395.37 395.49 395.86 396.10 396.25 396.73 396.69 395.12 394.26 394.14 394.51 394.59 394.97
 396.60 397.83 399.16 401.83 411.08 419.63 420.51 405.70 398.85 397.90 396.71 396.05 396.46 396.96 396.86 396.67 397.15 397.01 396.50 395.30 395.29 395.67 396.09 396.17
 397.71 398.16 398.87 400.52 405.95 416.01 414.24 407.86 398.82 397.74 397.31 396.96 397.58 397.88 397.57 397.16 397.17 397.50 397.18 396.69 396.22 396.75 397.34 397.77
 398.67 398.72 398.79 398.99 401.75 403.32 404.49 401.37 399.53 398.03 398.04 398.03 398.31 398.51 398.22 397.78 397.73 397.80 397.65 397.25 397.06 397.55 398.40 398.88
 399.04 398.94 398.85 398.85 398.77 398.66 398.58 398.51 398.43 398.40 398.47 398.46 398.50 398.54 398.48 398.24 398.09 398.20 398.18 398.09 397.93 398.40 398.94 399.24
 398.73 398.58 398.62 398.62 398.61 398.60 398.56 398.51 398.48 398.54 398.61 398.59 398.43 398.42 398.36 398.26 398.19 398.41 398.78 398.88 398.85 398.88 398.99 398.90
 398.46 398.44 398.45 398.49 398.51 398.54 398.55 398.52 398.57 398.70 398.82 398.71 398.52 398.34 398.25 398.22 398.31 398.66 398.94 399.13 399.02 398.90 398.72 398.61
 398.43 398.44 398.48 398.50 398.53 398.54 398.54 398.53 398.62 398.81 398.92 398.88 398.65 398.44 398.27 398.30 398.50 398.75 398.87 398.86 398.81 398.62 398.50 398.44
 398.61 398.61 398.61 398.61 398.61 398.61 398.61 398.61 398.61 398.61 398.61 398.61 398.61 398.61 398.61 398.61 398.61 398.61 398.61 398.61 398.61 398.61 398.61 398.61
 400.23 400.23 400.23 400.23 400.23 400.23 400.23 400.23 400.23 400.23 400.23 400.23 400.23 400.23 400.23 400.23 400.23 400.23 400.23 400.23 400.23 400.23 400.23 400.23
 399.81 400.19 400.07 399.54 400.00 401.05 402.76 404.21 405.14 404.45 402.93 400.91 399.53 398.85 400.43 402.51 403.50 402.76 401.11 399.20 397.81 397.14 397.41 398.27
 400.76 402.58 402.18 401.59 401.54 401.39 401.72 404.08 405.40 405.32 402.74 400.94 399.90 399.91 400.93 402.37 403.57 403.35 402.39 399.87 397.89 397.37 397.78 398.73
 400.78 402.58 403.91 403.48 402.94 402.61 402.37 403.67 405.90 404.46 401.95 400.05 399.55 399.49 400.31 401.14 401.64 402.35 401.28 399.09 397.87 397.70 398.09 398.74
 399.23 400.80 402.24 402.62 402.84 403.27 403.84 404.30 403.62 402.74 400.05 399.12 398.84 398.88 399.19 399.53 400.06 399.78 399.48 398.55 397.77 397.99 398.49 398.81
 398.84 399.27 400.16 400.52 401.55 403.42 404.57 403.66 401.91 399.85 399.07 398.61 398.66 398.68 398.70 398.88 398.70 398.58 398.32 398.18 397.94 398.20 398.75 398.84
 398.88 398.69 398.75 398.99 400.67 402.77 404.33 402.91 400.60 398.91 398.57 398.60 398.70 398.78 398.77 398.64 398.63 398.56 398.41 398.17 398.10 398.49 399.08 399.30
 398.96 398.70 398.70 398.83 400.07 401.88 403.07 401.81 399.88 398.66 398.65 398.61 398.64 398.71 398.79 398.77 398.74 398.73 398.59 398.48 398.43 398.85 399.28 399.39
 398.67 398.50 398.56 398.64 399.39 400.38 401.18 400.35 399.34 398.60 398.64 398.64 398.57 398.60 398.69 398.77 398.77 398.77 398.77 398.75 398.78 398.96 399.12 398.98
 398.47 398.44 398.49 398.56 398.78 399.11 399.30 399.13 398.76 398.56 398.57 398.60 398.57 398.52 398.59 398.69 398.75 398.78 398.77 398.81 398.76 398.80 398.74 398.64
 398.48 398.50 398.55 398.60 398.66 398.70 398.73 398.72 398.66 398.58 398.55 398.56 398.54 398.52 398.52 398.62 398.71 398.75 398.75 398.73 398.70 398.59 398.52 398.48
 398.61 398.61 398.61 398.61 398.61 398.61 398.61 398.61 398.61 398.61 398.61 398.61 398.61 398.61 398.61 398.61 398.61 398.61 398.61 398.61 398.61 398.61 398.61 398.61
 404.96 404.96 404.96 404.96 404.96 404.96 404.96 404.96 404.96 404.96 404.96 404.96 404.96 404.96 404.96 404.96 404.96 404.96 404.96 404.96 404.96 404.96 404.96 404.96
 404.88 406.31 406.98 406.16 404.98 404.25 404.89 406.24 407.21 406.88 406.05 404.86 404.17 403.68 404.01 406.15 407.89 408.82 407.40 405.23 403.32 402.19 402.23 402.75
 404.42 407.05 407.45 406.42 405.05 403.72 404.00 407.27 408.98 408.98 406.06 404.48 403.72 403.35 403.50 404.79 407.52 409.03 408.44 405.71 402.51 401.80 401.97 402.39
 403.41 405.55 407.33 406.62 405.29 404.31 404.79 407.33 410.45 408.09 405.11 403.17 402.62 402.36 402.48 403.79 404.55 406.45 406.19 403.53 401.54 401.08 401.54 401.59
 401.43 402.90 404.48 404.52 404.01 404.16 405.46 407.53 406.94 405.75 402.50 401.56 401.25 401.03 401.51 402.28 402.42 402.38 402.16 401.78 400.41 400.47 400.77 400.96
 400.29 400.75 401.46 401.61 401.75 402.68 404.08 404.28 403.67 401.76 400.89 400.33 400.12 400.12 400.53 401.08 400.66 400.04 400.01 400.24 400.27 400.02 400.25 400.15
 399.51 399.16 399.31 399.60 400.05 400.55 401.06 401.26 400.87 400.38 399.79 399.46 399.36 399.51 399.79 399.90 399.72 399.52 399.54 399.64 399.75 399.87 400.04 399.94
 399.07 398.70 398.86 399.20 399.35 399.32 399.32 399.38 399.42 399.51 399.21 399.00 398.91 399.12 399.33 399.33 399.26 399.23 399.25 399.30 399.43 399.71 399.89 399.69
 398.77 398.56 398.63 398.76 398.89 399.01 399.06 399.05 399.04 398.89 398.87 398.77 398.75 398.88 399.06 399.20 399.19 399.12 399.02 398.99 399.08 399.29 399.46 399.19
 398.58 398.51 398.50 398.50 398.60 398.72 398.81 398.82 398.70 398.64 398.60 398.67 398.68 398.75 398.91 399.07 399.10 398.97 398.85 398.81 398.81 398.89 398.87 398.75
 398.55 398.55 398.56 398.58 398.63 398.68 398.71 398.70 398.65 398.59 398.56 398.59 398.64 398.69 398.79 398.90 398.91 398.81 398.74 398.70 398.68 398.62 398.57 398.55
 398.65 398.65 398.65 398.65 398.65 398.65 398.65 398.65 398.65 398.65 398.65 398.65 398.65 398.65 398.65 398.65 398.65 398.65 398.65 398.65 398.65 398.65 398.65 398.65
 407.95 407.95 407.95 407.95 407.95 407.95 407.95 407.95 407.95 407.95 407.95 407.95 407.95 407.95 407.95 407.95 407.95 407.95 407.95 407.95 407.95 407.95 407.95 407.95
 407.72 408.70 408.95 407.64 406.48 406.30 407.22 408.73 409.38 409.07 408.30 407.61 407.37 407.19 407.68 410.32 412.09 412.63 410.53 408.14 406.26 405.20 405.30 405.62
 407.01 409.43 409.20 407.51 406.37 405.48 406.40 408.46 409.76 409.41 407.90 406.95 406.54 406.25 406.42 408.17 411.20 412.28 410.88 407.93 404.79 404.40 404.79 405.18
 405.75 407.41 408.55 407.37 406.44 406.15 407.63 409.38 410.53 408.26 406.74 405.63 405.06 404.72 404.72 406.26 407.21 409.05 408.30 405.39 403.37 403.11 403.90 403.87
 403.33 404.35 405.47 405.30 405.14 405.94 408.57 410.58 408.69 406.46 404.47 403.86 403.27 402.90 403.33 404.27 404.34 404.49 404.24 403.72 402.13 402.13 402.45 402.69
 401.75 402.27 402.75 402.80 402.66 403.55 405.80 406.48 405.78 403.24 402.39 402.06 401.55 401.54 402.16 402.84 402.40 401.88 401.98 402.22 402.03 401.45 401.48 401.40
 400.59 400.50 400.81 401.04 400.72 400.33 400.25 401.28 401.45 401.38 400.63 400.34 400.22 400.45 400.97 401.24 401.03 400.85 401.04 401.28 401.34 401.18 400.96 400.68
 399.82 399.71 399.88 400.23 399.62 398.43 397.68 398.27 399.11 399.73 399.46 399.34 399.34 399.74 400.13 400.26 400.20 400.06 400.02 400.12 400.50 400.72 400.64 400.28
 399.38 399.17 399.18 399.17 398.87 398.52 398.12 398.43 398.82 398.96 398.95 398.90 399.03 399.30 399.69 400.01 400.02 399.69 399.23 399.13 399.41 399.86 400.02 399.72
 398.92 398.77 398.57 398.48 398.46 398.51 398.56 398.64 398.67 398.69 398.64 398.76 398.86 399.08 399.44 399.76 399.74 399.24 398.81 398.60 398.75 399.00 399.16 399.13
 398.67 398.59 398.51 398.50 398.54 398.60 398.64 398.66 398.63 398.59 398.58 398.63 398.77 398.94 399.20 399.39 399.25 398.87 398.65 398.58 398.61 398.64 398.69 398.70
 398.67 398.67 398.67 398.67 398.67 398.67 398.67 398.67 398.67 398.67 398.67 398.67 398.67 398.67 398.67 398.67 398.67 398.67 398.67 398.67 398.67 398.67 398.67 398.67
