2017 MONTHLY CO2 (PPMV)   24  12  LON/LAT (N-S/0-360E) IN 15 DEGREE RESOLUTION,  GLB ANNUAL MEAN = 405.15,  GROWTH RATE = 1.88,  MISS DATA = -99.99
 412.51 412.51 412.51 412.51 412.51 412.51 412.51 412.51 412.51 412.51 412.51 412.51 412.51 412.51 412.51 412.51 412.51 412.51 412.51 412.51 412.51 412.51 412.51 412.51
 413.54 414.32 414.43 412.77 411.38 411.21 412.68 414.85 415.78 414.86 413.01 411.83 411.92 412.29 411.90 411.48 411.29 411.51 411.37 410.90 410.33 410.07 410.24 411.03
 413.20 415.73 414.43 411.96 410.62 409.81 410.86 413.26 414.80 414.17 412.19 410.90 410.80 410.79 410.65 410.37 410.89 411.10 410.89 409.72 409.14 409.23 409.55 410.53
 411.84 413.13 413.18 411.08 410.22 410.00 410.79 412.32 413.66 412.40 411.01 409.77 409.18 409.01 408.96 409.41 409.50 409.91 409.00 408.26 407.88 407.99 408.51 409.12
 408.39 409.00 409.50 408.87 408.57 409.06 410.46 411.68 411.11 410.47 409.05 408.21 407.38 407.12 407.51 408.02 408.23 407.52 407.48 407.17 406.97 406.82 407.01 407.41
 405.51 406.07 406.59 406.65 405.90 405.53 406.01 407.37 408.06 407.91 407.28 406.54 405.78 405.81 406.19 406.44 405.77 405.65 405.90 406.51 406.26 405.57 405.25 405.15
 403.38 403.44 404.34 405.06 403.71 401.39 399.96 401.87 404.02 405.31 404.82 404.36 404.24 404.71 404.99 404.79 404.15 404.07 404.72 405.22 405.05 404.40 403.89 403.41
 402.06 402.07 402.73 403.62 402.19 399.22 397.36 398.83 401.03 402.57 402.54 402.66 402.85 403.42 403.85 403.51 403.06 402.82 402.87 402.93 403.26 403.31 403.09 402.61
 401.73 401.58 401.72 401.83 401.04 399.69 398.43 399.23 400.32 400.90 401.19 401.51 401.77 402.27 402.74 402.99 402.74 402.19 401.36 401.09 401.46 402.15 402.43 402.12
 401.40 401.26 400.98 400.68 400.42 399.98 399.89 400.19 400.74 400.91 401.04 401.11 401.24 401.42 401.98 402.41 402.31 401.46 400.72 400.33 400.67 401.17 401.60 401.60
 401.24 401.19 401.05 400.82 400.58 400.44 400.56 400.73 400.90 400.91 400.96 401.02 401.07 401.17 401.46 401.75 401.53 400.95 400.59 400.52 400.66 400.96 401.18 401.25
 400.95 400.95 400.95 400.95 400.95 400.95 400.95 400.95 400.95 400.95 400.95 400.95 400.95 400.95 400.95 400.95 400.95 400.95 400.95 400.95 400.95 400.95 400.95 400.95
 413.07 413.07 413.07 413.07 413.07 413.07 413.07 413.07 413.07 413.07 413.07 413.07 413.07 413.07 413.07 413.07 413.07 413.07 413.07 413.07 413.07 413.07 413.07 413.07
 413.92 414.76 414.95 413.52 412.19 411.76 412.66 414.22 414.93 414.42 413.42 412.83 413.02 413.27 412.70 412.05 411.85 412.31 412.44 412.07 411.44 411.05 411.10 411.72
 413.39 415.73 414.83 412.71 411.42 410.59 411.30 413.27 414.43 414.10 412.70 411.95 411.89 411.71 411.17 410.60 411.07 411.67 412.01 411.31 410.65 410.38 410.33 411.07
 412.09 413.39 413.63 411.83 410.90 410.49 411.27 412.63 413.84 412.64 411.57 410.74 410.27 409.92 409.40 409.52 409.69 410.41 410.15 410.03 409.60 409.21 409.30 409.77
 409.06 409.67 410.26 409.63 409.23 409.57 410.85 412.21 411.68 411.00 409.70 409.09 408.44 408.02 408.05 408.33 408.57 408.27 408.57 408.61 408.34 407.80 407.69 408.02
 405.88 406.57 407.14 407.26 406.86 406.72 407.48 408.59 409.13 408.71 407.99 407.24 406.56 406.65 406.81 406.84 406.19 406.28 406.75 407.38 406.95 405.99 405.47 405.46
 403.26 403.41 404.60 405.57 404.98 403.57 402.75 404.01 405.30 405.98 405.38 404.75 404.65 405.35 405.57 405.12 404.31 404.34 405.18 405.66 405.20 404.25 403.69 403.23
 401.74 401.80 402.75 403.92 403.36 401.60 400.46 401.19 402.11 402.97 402.80 402.82 403.02 403.84 404.26 403.65 402.98 402.83 403.02 403.10 403.16 402.99 402.70 402.25
 401.58 401.54 401.72 401.94 401.65 401.20 400.59 400.70 400.88 401.06 401.33 401.63 401.95 402.58 402.94 403.04 402.64 402.15 401.41 401.14 401.41 401.92 402.14 401.90
 401.38 401.25 400.96 400.63 400.55 400.57 400.74 400.83 400.96 401.06 401.22 401.36 401.48 401.70 402.13 402.43 402.24 401.45 400.77 400.41 400.68 401.07 401.41 401.46
 401.17 401.13 400.98 400.76 400.54 400.52 400.68 400.89 401.00 401.08 401.21 401.34 401.39 401.46 401.68 401.84 401.54 400.95 400.61 400.54 400.64 400.85 401.02 401.13
 400.99 400.99 400.99 400.99 400.99 400.99 400.99 400.99 400.99 400.99 400.99 400.99 400.99 400.99 400.99 400.99 400.99 400.99 400.99 400.99 400.99 400.99 400.99 400.99
 413.52 413.52 413.52 413.52 413.52 413.52 413.52 413.52 413.52 413.52 413.52 413.52 413.52 413.52 413.52 413.52 413.52 413.52 413.52 413.52 413.52 413.52 413.52 413.52
 413.36 414.16 414.66 414.08 413.07 412.58 412.95 413.92 414.38 414.15 413.59 413.30 413.46 413.64 413.08 412.48 412.48 413.27 413.51 413.06 412.29 411.87 412.03 412.22
 412.45 413.81 413.75 412.95 412.43 411.91 412.42 413.68 414.62 414.44 413.38 412.69 412.53 412.34 411.69 411.00 411.41 412.28 412.88 412.19 411.43 411.32 411.27 411.53
 411.46 412.08 412.32 411.74 411.97 412.54 413.20 414.08 414.72 413.75 412.71 411.80 411.12 410.72 410.14 410.07 410.16 411.00 411.02 410.88 410.43 410.17 410.34 410.40
 409.43 409.67 409.91 409.53 410.31 411.79 413.56 414.06 413.04 412.15 410.90 410.20 409.35 408.85 408.97 409.22 409.39 409.30 409.65 409.60 409.20 408.66 408.47 408.68
 406.14 406.70 407.00 407.12 407.62 408.80 410.02 410.67 410.36 409.57 408.73 407.87 407.06 407.33 407.65 407.65 406.97 407.19 407.84 408.40 407.74 406.49 405.81 405.74
 403.17 403.27 404.45 405.36 405.55 405.07 404.95 405.65 406.18 406.34 405.58 404.79 404.69 405.72 406.10 405.49 404.43 404.60 405.80 406.39 405.69 404.39 403.65 403.10
 401.46 401.57 402.62 403.88 403.84 402.88 402.21 402.49 402.67 403.05 402.72 402.62 402.88 403.93 404.38 403.48 402.54 402.60 403.21 403.58 403.45 403.01 402.52 401.98
 401.42 401.47 401.78 402.15 402.20 402.18 401.87 401.55 401.22 401.06 401.21 401.47 401.91 402.62 402.82 402.71 402.19 401.96 401.64 401.55 401.74 402.00 402.03 401.72
 401.35 401.29 401.16 400.99 401.07 401.25 401.40 401.25 401.10 401.07 401.12 401.26 401.45 401.75 402.03 402.14 401.95 401.46 401.06 400.86 401.01 401.22 401.36 401.37
 401.18 401.22 401.15 401.05 400.95 400.98 401.02 401.07 401.05 401.08 401.16 401.26 401.38 401.50 401.69 401.76 401.52 401.12 400.91 400.85 400.88 400.93 400.98 401.08
 401.11 401.11 401.11 401.11 401.11 401.11 401.11 401.11 401.11 401.11 401.11 401.11 401.11 401.11 401.11 401.11 401.11 401.11 401.11 401.11 401.11 401.11 401.11 401.11
 413.45 413.45 413.45 413.45 413.45 413.45 413.45 413.45 413.45 413.45 413.45 413.45 413.45 413.45 413.45 413.45 413.45 413.45 413.45 413.45 413.45 413.45 413.45 413.45
 412.10 412.80 413.29 413.61 413.23 413.14 413.58 414.34 414.73 414.64 414.24 413.82 413.59 413.45 412.98 412.29 412.00 412.53 412.93 412.85 412.41 412.04 411.94 411.97
 411.18 411.41 412.08 412.64 412.87 412.81 413.31 414.30 415.14 415.07 414.11 413.32 412.92 412.67 412.10 411.34 411.10 411.48 411.98 411.82 411.41 411.34 411.19 411.15
 410.40 410.64 410.96 411.48 412.45 413.54 413.66 414.17 414.66 414.27 413.13 412.15 411.66 411.43 411.09 410.86 410.38 410.56 410.69 410.77 410.45 410.24 410.30 410.44
 409.45 409.32 409.26 408.81 410.10 412.10 413.41 412.83 412.53 412.30 411.01 410.30 409.79 409.73 410.14 410.38 410.08 409.78 409.97 410.03 409.56 408.93 408.73 408.85
 406.35 406.44 405.92 405.55 406.39 408.04 408.68 409.37 409.47 409.80 408.85 407.74 407.15 407.87 408.63 408.64 407.85 407.87 408.59 409.15 408.40 407.01 406.18 406.12
 403.32 402.81 403.15 403.31 403.59 403.30 403.38 404.39 405.91 406.70 405.90 404.71 404.46 405.85 406.56 406.02 404.74 404.92 406.34 407.09 406.25 404.73 403.97 403.42
 401.56 401.32 401.91 402.64 402.35 401.33 400.67 401.52 402.56 403.54 403.13 402.76 402.77 403.82 404.40 403.47 402.42 402.60 403.54 404.11 403.83 403.24 402.75 402.20
 401.58 401.57 401.67 401.92 401.77 401.36 400.90 401.00 401.20 401.41 401.65 401.91 402.09 402.63 402.71 402.54 402.03 401.98 401.97 402.00 402.13 402.25 402.25 401.94
 401.58 401.52 401.47 401.39 401.41 401.31 401.22 401.20 401.29 401.42 401.61 401.75 401.82 401.90 402.02 402.05 401.89 401.64 401.43 401.34 401.41 401.51 401.54 401.54
 401.37 401.41 401.36 401.37 401.38 401.38 401.35 401.32 401.34 401.44 401.59 401.73 401.76 401.76 401.78 401.79 401.64 401.41 401.30 401.25 401.23 401.16 401.14 401.25
 401.39 401.39 401.39 401.39 401.39 401.39 401.39 401.39 401.39 401.39 401.39 401.39 401.39 401.39 401.39 401.39 401.39 401.39 401.39 401.39 401.39 401.39 401.39 401.39
 412.61 412.61 412.61 412.61 412.61 412.61 412.61 412.61 412.61 412.61 412.61 412.61 412.61 412.61 412.61 412.61 412.61 412.61 412.61 412.61 412.61 412.61 412.61 412.61
 410.47 411.31 412.11 412.77 412.34 411.90 412.30 413.14 413.71 413.91 414.01 413.84 413.55 413.23 412.63 411.27 410.15 410.26 411.06 411.52 411.43 411.11 410.78 410.61
 409.14 409.20 410.61 411.65 411.66 411.39 411.34 412.29 413.25 413.91 413.73 413.40 413.00 412.66 411.85 410.47 409.28 409.12 409.60 410.12 410.31 410.48 410.27 409.69
 408.46 408.74 409.44 410.30 410.99 411.47 411.53 411.67 412.69 413.12 412.78 412.21 411.85 411.58 411.11 410.30 409.11 408.73 409.03 409.39 409.53 409.77 409.76 409.33
 408.65 408.27 408.20 407.68 408.38 409.88 410.82 411.08 411.32 411.84 411.10 410.46 409.90 410.01 410.39 410.27 409.48 409.06 409.19 409.40 409.25 408.93 408.67 408.34
 406.40 406.15 405.12 404.50 404.85 405.78 406.53 408.00 409.24 410.29 409.30 407.92 407.14 407.95 408.93 408.80 407.93 407.77 408.54 409.12 408.61 407.36 406.53 406.42
 403.74 402.78 402.61 402.40 402.18 401.55 401.39 403.22 405.85 407.41 406.46 404.88 404.35 405.81 406.66 406.24 404.87 404.99 406.46 407.41 406.69 405.28 404.61 404.07
 401.96 401.39 401.68 402.13 401.46 399.97 399.05 400.54 402.53 404.10 403.54 402.96 402.78 403.78 404.40 403.53 402.51 402.73 403.81 404.54 404.35 403.83 403.44 402.86
 401.89 401.74 401.74 401.93 401.53 400.63 399.89 400.46 401.25 401.77 401.96 402.17 402.26 402.72 402.75 402.58 402.11 402.18 402.34 402.48 402.64 402.81 402.85 402.42
 401.88 401.80 401.80 401.75 401.68 401.28 401.04 401.19 401.56 401.77 401.95 402.05 402.08 402.10 402.15 402.16 402.06 401.97 401.89 401.86 401.93 402.03 402.03 401.93
 401.73 401.77 401.74 401.75 401.77 401.69 401.66 401.62 401.70 401.79 401.92 402.02 402.02 401.99 401.98 402.00 401.95 401.87 401.83 401.80 401.75 401.65 401.58 401.65
 401.78 401.78 401.78 401.78 401.78 401.78 401.78 401.78 401.78 401.78 401.78 401.78 401.78 401.78 401.78 401.78 401.78 401.78 401.78 401.78 401.78 401.78 401.78 401.78
 408.96 408.96 408.96 408.96 408.96 408.96 408.96 408.96 408.96 408.96 408.96 408.96 408.96 408.96 408.96 408.96 408.96 408.96 408.96 408.96 408.96 408.96 408.96 408.96
 407.02 407.53 408.85 409.78 408.96 407.86 408.15 409.21 409.90 409.88 409.98 409.93 410.01 410.00 409.55 407.99 406.20 405.30 406.33 407.44 408.01 407.85 407.41 407.31
 405.62 405.61 407.37 408.60 407.97 407.01 406.67 408.09 408.84 409.43 409.16 409.53 409.64 409.50 409.12 407.99 406.48 405.54 405.23 406.42 407.40 407.67 407.51 406.71
 405.45 405.58 406.43 407.25 407.33 407.06 405.62 406.15 407.46 408.69 408.75 408.97 409.11 409.14 408.86 408.17 407.20 406.43 406.43 406.82 407.32 407.69 407.59 406.79
 406.61 406.19 406.22 405.91 405.91 405.96 404.74 404.08 406.21 408.58 408.46 408.31 408.14 408.54 408.78 408.47 407.81 407.65 407.79 407.84 407.74 407.51 407.11 406.54
 405.98 405.88 404.98 404.47 404.07 403.55 401.78 403.22 405.27 408.67 408.21 407.00 406.45 407.23 407.98 407.59 406.83 406.82 407.54 407.91 407.48 406.54 405.87 405.95
 404.65 404.15 403.92 403.51 402.61 400.91 399.88 401.36 404.64 406.65 406.28 404.86 404.43 405.65 406.27 405.80 404.59 404.67 405.90 406.67 406.15 405.15 404.74 404.55
 403.37 403.14 403.09 403.16 402.07 400.25 399.11 400.62 402.70 404.25 403.69 403.23 403.09 403.96 404.40 403.62 402.74 402.92 403.82 404.48 404.40 404.10 403.95 403.76
 402.98 402.78 402.71 402.65 402.03 400.98 400.07 400.70 401.59 402.08 402.17 402.29 402.50 402.96 402.99 402.81 402.41 402.51 402.72 402.89 403.05 403.23 403.38 403.22
 402.51 402.42 402.30 402.27 402.12 401.67 401.38 401.53 401.94 402.09 402.13 402.18 402.24 402.37 402.44 402.45 402.39 402.38 402.37 402.38 402.42 402.50 402.54 402.59
 402.18 402.18 402.15 402.17 402.21 402.12 402.08 402.01 402.07 402.09 402.13 402.17 402.20 402.24 402.28 402.33 402.33 402.31 402.30 402.28 402.22 402.10 402.04 402.11
 402.15 402.15 402.15 402.15 402.15 402.15 402.15 402.15 402.15 402.15 402.15 402.15 402.15 402.15 402.15 402.15 402.15 402.15 402.15 402.15 402.15 402.15 402.15 402.15
 400.51 400.51 400.51 400.51 400.51 400.51 400.51 400.51 400.51 400.51 400.51 400.51 400.51 400.51 400.51 400.51 400.51 400.51 400.51 400.51 400.51 400.51 400.51 400.51
 401.10 399.85 398.76 398.60 399.76 400.79 401.24 400.95 401.03 401.28 402.03 402.34 402.37 402.19 402.80 402.58 401.36 398.98 399.23 400.49 401.60 401.62 401.00 401.29
 401.42 401.18 400.90 401.04 401.85 402.21 401.82 402.16 401.97 402.58 402.40 403.05 403.25 403.19 403.98 404.88 403.91 401.52 399.79 401.33 402.77 402.49 401.99 401.57
 402.63 402.94 403.31 403.34 403.48 403.63 402.39 402.62 403.41 403.92 403.93 404.47 404.66 404.81 405.61 406.07 405.79 403.93 403.17 403.60 404.24 404.02 403.28 402.89
 404.18 404.07 404.27 404.19 404.02 403.75 402.62 402.17 403.49 405.32 405.52 405.77 405.83 406.19 406.77 406.72 406.18 405.62 405.52 405.42 405.29 404.88 404.47 404.04
 404.95 404.94 404.39 404.12 403.38 402.55 400.90 401.52 402.58 405.24 405.83 405.61 405.61 406.22 406.99 406.92 406.42 406.03 405.86 405.54 405.05 404.75 404.60 404.87
 405.02 404.85 404.51 404.01 402.70 400.73 399.46 400.15 402.09 403.83 404.52 404.41 404.58 405.44 406.37 406.91 406.36 405.68 405.10 404.91 404.58 404.40 404.50 404.70
 404.49 404.47 404.09 403.78 402.37 400.31 399.04 399.93 401.75 402.95 403.19 403.29 403.56 404.21 405.35 406.12 405.83 404.64 403.99 403.97 403.93 404.05 404.27 404.48
 403.92 403.71 403.56 403.30 402.50 401.25 400.22 401.02 402.13 402.73 402.77 402.81 402.89 403.29 404.08 404.91 404.51 403.70 403.09 403.20 403.30 403.51 403.79 403.90
 403.19 403.12 402.96 402.94 402.72 402.17 401.83 402.04 402.55 402.72 402.71 402.64 402.62 402.70 403.14 403.53 403.48 403.10 402.85 402.87 402.88 402.94 403.03 403.22
 402.75 402.77 402.75 402.79 402.84 402.74 402.70 402.64 402.72 402.72 402.69 402.64 402.57 402.55 402.63 402.80 402.88 402.83 402.76 402.73 402.69 402.58 402.55 402.64
 402.66 402.66 402.66 402.66 402.66 402.66 402.66 402.66 402.66 402.66 402.66 402.66 402.66 402.66 402.66 402.66 402.66 402.66 402.66 402.66 402.66 402.66 402.66 402.66
 395.90 395.90 395.90 395.90 395.90 395.90 395.90 395.90 395.90 395.90 395.90 395.90 395.90 395.90 395.90 395.90 395.90 395.90 395.90 395.90 395.90 395.90 395.90 395.90
 397.67 397.54 397.53 397.55 398.48 398.50 397.38 395.80 395.41 395.56 395.98 396.34 396.74 396.92 398.13 398.27 397.32 394.63 394.49 395.52 396.66 396.85 396.32 396.82
 399.21 400.36 400.03 400.06 400.69 400.56 399.16 398.19 397.46 397.84 397.54 397.77 398.30 398.87 400.05 401.44 400.18 397.42 395.29 396.70 398.25 398.12 397.84 398.02
 401.32 402.12 402.64 402.35 402.36 402.33 400.63 400.03 400.07 400.69 400.32 400.53 400.79 401.11 402.32 402.88 402.57 400.08 399.26 399.53 400.32 400.57 400.06 400.21
 402.59 402.96 403.27 403.40 402.92 402.39 400.93 400.13 401.23 402.70 402.97 402.96 402.87 402.95 403.46 403.58 403.00 402.60 402.32 402.13 402.27 402.41 402.56 402.43
 403.76 403.72 403.67 403.62 402.20 400.54 398.34 399.31 400.64 403.47 404.08 403.92 403.66 403.63 403.76 403.53 403.45 403.43 403.39 403.11 403.01 403.37 403.74 403.83
 404.49 404.35 404.04 403.74 401.37 398.02 395.78 397.31 400.35 402.99 403.78 403.69 403.64 403.68 403.69 403.60 403.53 403.48 403.39 403.34 403.60 404.04 404.34 404.50
 404.52 404.41 404.03 403.75 401.36 397.60 395.33 397.16 400.78 402.95 403.25 403.27 403.36 403.56 403.68 403.64 403.53 403.41 403.33 403.45 403.80 404.22 404.52 404.63
 403.97 403.74 403.72 403.61 402.25 399.76 397.85 399.62 402.01 403.20 403.06 402.93 402.99 403.22 403.54 403.60 403.50 403.37 403.38 403.48 403.64 403.91 404.11 404.08
 403.39 403.37 403.39 403.51 403.15 401.97 401.29 401.80 402.91 403.19 403.01 402.83 402.79 402.92 403.21 403.43 403.43 403.36 403.36 403.37 403.40 403.47 403.52 403.55
 403.21 403.24 403.30 403.39 403.48 403.25 403.18 403.09 403.26 403.17 403.01 402.85 402.76 402.78 402.96 403.18 403.34 403.33 403.33 403.32 403.28 403.21 403.18 403.18
 403.18 403.18 403.18 403.18 403.18 403.18 403.18 403.18 403.18 403.18 403.18 403.18 403.18 403.18 403.18 403.18 403.18 403.18 403.18 403.18 403.18 403.18 403.18 403.18
 398.27 398.27 398.27 398.27 398.27 398.27 398.27 398.27 398.27 398.27 398.27 398.27 398.27 398.27 398.27 398.27 398.27 398.27 398.27 398.27 398.27 398.27 398.27 398.27
 399.67 400.24 399.29 398.44 399.46 400.63 400.49 399.43 399.01 398.97 399.03 398.94 398.88 398.65 399.47 399.85 399.80 398.64 398.07 398.01 398.07 397.89 397.52 398.07
 400.58 401.82 401.46 400.73 401.46 402.14 402.08 401.70 401.06 400.76 399.97 399.82 399.95 400.39 400.89 401.70 401.04 399.81 398.64 398.67 398.91 398.60 398.56 398.89
 401.56 402.63 403.33 403.02 402.78 402.82 402.43 402.74 402.78 402.34 401.33 400.92 401.15 401.51 402.36 402.51 402.14 400.78 400.24 399.93 399.99 400.21 400.08 400.33
 402.26 402.98 403.58 403.79 402.92 402.19 401.37 401.60 402.58 403.03 402.36 402.02 402.18 402.60 403.14 402.99 402.31 401.98 401.65 401.36 401.40 401.70 401.97 402.01
 403.27 403.50 403.79 403.82 402.13 400.01 398.19 399.39 400.99 402.86 403.04 402.83 403.09 403.53 403.61 403.12 402.66 402.50 402.49 402.38 402.48 402.88 403.20 403.20
 404.06 404.19 404.04 403.85 401.26 397.77 395.42 397.29 400.28 402.71 403.20 403.24 403.57 403.86 404.01 403.50 403.08 402.81 402.82 402.92 403.36 403.85 403.97 403.99
 404.32 404.40 404.11 403.85 401.36 397.42 395.04 396.99 400.78 402.97 403.18 403.14 403.31 403.65 403.95 403.87 403.50 403.25 403.17 403.36 403.82 404.18 404.28 404.28
 403.93 403.79 403.82 403.73 402.31 399.70 397.70 399.60 402.14 403.35 403.09 402.83 402.85 403.15 403.64 403.82 403.79 403.57 403.55 403.64 403.81 404.01 404.06 403.97
 403.54 403.55 403.56 403.66 403.26 402.02 401.33 401.91 403.09 403.34 403.03 402.72 402.63 402.77 403.16 403.53 403.68 403.66 403.63 403.63 403.67 403.72 403.74 403.71
 403.50 403.50 403.56 403.60 403.64 403.38 403.33 403.26 403.45 403.30 403.03 402.76 402.61 402.62 402.85 403.25 403.57 403.65 403.66 403.66 403.63 403.59 403.56 403.52
 403.38 403.38 403.38 403.38 403.38 403.38 403.38 403.38 403.38 403.38 403.38 403.38 403.38 403.38 403.38 403.38 403.38 403.38 403.38 403.38 403.38 403.38 403.38 403.38
 405.54 405.54 405.54 405.54 405.54 405.54 405.54 405.54 405.54 405.54 405.54 405.54 405.54 405.54 405.54 405.54 405.54 405.54 405.54 405.54 405.54 405.54 405.54 405.54
 406.57 408.23 408.64 407.82 407.06 406.64 406.36 406.36 406.43 406.37 406.10 405.53 404.96 404.52 404.68 405.71 406.77 407.08 405.91 404.80 404.08 403.82 403.82 404.38
 406.52 408.55 408.56 407.49 406.99 406.58 406.90 407.80 408.21 407.83 406.48 405.56 404.99 404.85 404.87 405.57 406.99 407.40 406.96 405.19 404.19 403.78 403.85 404.46
 405.89 407.15 407.80 407.19 406.88 406.97 406.98 408.12 408.86 407.91 406.21 404.86 404.55 404.46 404.75 405.35 406.04 406.65 405.65 404.49 403.84 403.69 403.83 404.26
 404.72 405.47 406.07 406.12 405.89 406.00 406.18 406.45 407.00 406.78 405.07 404.15 404.02 404.08 404.39 404.67 405.01 404.39 404.14 403.56 403.43 403.62 403.93 404.29
 404.39 404.69 405.05 405.07 404.10 403.21 402.27 403.09 404.07 404.74 404.42 403.90 404.00 404.10 404.21 404.13 403.55 403.24 403.08 403.26 403.45 403.84 404.17 404.21
 404.39 404.42 404.42 404.37 402.58 400.03 398.37 399.93 402.19 403.85 403.95 403.92 404.11 404.20 404.25 403.75 403.31 403.02 403.14 403.35 403.83 404.29 404.42 404.37
 404.28 404.30 404.17 404.13 402.20 399.05 397.14 398.70 401.64 403.40 403.63 403.70 403.86 404.07 404.18 403.96 403.52 403.23 403.22 403.48 404.00 404.39 404.49 404.40
 403.93 403.79 403.82 403.74 402.64 400.66 399.11 400.54 402.44 403.43 403.42 403.41 403.52 403.73 404.06 404.00 403.74 403.42 403.37 403.51 403.75 404.10 404.20 404.06
 403.63 403.62 403.57 403.54 403.19 402.27 401.81 402.26 403.16 403.42 403.37 403.32 403.33 403.45 403.71 403.83 403.69 403.51 403.49 403.45 403.57 403.72 403.83 403.79
 403.63 403.66 403.68 403.60 403.51 403.28 403.26 403.27 403.44 403.42 403.37 403.32 403.30 403.32 403.46 403.58 403.64 403.60 403.60 403.64 403.61 403.63 403.64 403.62
 403.55 403.55 403.55 403.55 403.55 403.55 403.55 403.55 403.55 403.55 403.55 403.55 403.55 403.55 403.55 403.55 403.55 403.55 403.55 403.55 403.55 403.55 403.55 403.55
 410.17 410.17 410.17 410.17 410.17 410.17 410.17 410.17 410.17 410.17 410.17 410.17 410.17 410.17 410.17 410.17 410.17 410.17 410.17 410.17 410.17 410.17 410.17 410.17
 410.83 412.35 413.58 412.95 411.35 410.06 409.90 410.79 411.23 410.90 410.01 409.42 409.42 409.65 409.59 410.12 410.53 410.56 409.61 408.85 408.57 408.64 408.68 408.94
 410.53 412.95 413.05 411.93 410.51 409.13 409.47 410.97 412.07 411.64 410.09 408.96 408.77 408.97 409.02 409.39 410.90 411.09 410.39 408.63 408.03 408.11 408.19 408.70
 409.52 410.96 411.82 410.83 409.99 409.58 409.90 411.24 412.24 411.11 409.46 408.01 407.65 407.61 407.87 408.66 409.48 410.23 408.70 407.46 407.02 407.01 407.34 407.64
 407.26 408.16 408.95 408.77 408.47 408.81 409.95 410.69 410.53 409.80 407.96 406.82 406.34 406.18 406.50 407.14 407.77 406.83 406.76 406.10 405.95 406.01 406.21 406.67
 405.90 406.27 406.70 406.67 406.07 406.00 406.27 407.11 407.73 407.33 406.62 405.79 405.46 405.25 405.57 405.79 405.25 405.02 404.95 405.35 405.40 405.40 405.58 405.56
 405.05 404.95 405.11 405.23 404.13 402.48 401.48 402.93 404.57 405.62 405.18 404.88 404.80 404.84 404.99 404.69 404.34 404.13 404.46 404.82 405.15 405.33 405.31 405.14
 404.49 404.38 404.44 404.66 403.31 400.95 399.51 400.67 402.73 403.97 404.02 404.00 404.15 404.46 404.68 404.51 403.99 403.58 403.67 404.05 404.62 405.03 405.12 404.88
 404.08 403.88 403.91 403.88 403.12 401.81 400.73 401.64 402.86 403.47 403.46 403.46 403.63 403.96 404.43 404.30 403.72 403.19 403.08 403.34 403.71 404.34 404.60 404.38
 403.72 403.65 403.53 403.40 403.15 402.61 402.40 402.73 403.31 403.46 403.39 403.32 403.34 403.53 403.91 403.95 403.54 403.14 403.09 403.03 403.29 403.65 403.94 403.92
 403.65 403.65 403.62 403.49 403.35 403.20 403.26 403.35 403.49 403.45 403.39 403.33 403.29 403.33 403.51 403.52 403.43 403.28 403.29 403.35 403.37 403.52 403.62 403.64
 403.47 403.47 403.47 403.47 403.47 403.47 403.47 403.47 403.47 403.47 403.47 403.47 403.47 403.47 403.47 403.47 403.47 403.47 403.47 403.47 403.47 403.47 403.47 403.47
 412.33 412.33 412.33 412.33 412.33 412.33 412.33 412.33 412.33 412.33 412.33 412.33 412.33 412.33 412.33 412.33 412.33 412.33 412.33 412.33 412.33 412.33 412.33 412.33
 412.99 414.54 415.82 415.12 413.35 411.90 411.63 412.55 412.97 413.15 412.79 412.27 411.79 411.79 411.61 411.81 412.07 412.38 411.83 411.13 410.61 410.48 410.64 410.98
 412.56 415.15 415.16 413.94 412.60 411.09 411.31 412.51 413.56 413.48 412.39 411.42 411.10 411.31 411.06 410.97 412.02 412.37 412.02 410.51 409.81 409.88 409.98 410.56
 411.47 412.95 413.71 412.70 412.23 412.28 412.71 413.58 413.99 412.47 410.99 409.97 409.88 409.91 409.74 410.09 410.64 411.36 410.23 409.25 408.81 408.80 409.11 409.44
 409.00 409.82 410.58 410.41 410.84 411.99 413.93 414.34 412.88 411.13 409.12 408.48 408.38 408.03 408.01 408.60 409.12 408.42 408.52 408.04 407.83 407.72 407.85 408.22
 406.93 407.47 407.98 408.09 408.17 409.24 410.43 410.93 410.58 408.74 407.63 407.12 406.93 406.57 406.78 407.18 406.95 406.95 407.02 407.35 407.08 406.61 406.49 406.52
 405.39 405.44 406.01 406.42 406.07 405.25 404.83 405.93 406.67 406.76 405.89 405.59 405.59 405.69 405.95 405.97 405.77 405.68 406.01 406.29 406.11 405.71 405.49 405.31
 404.41 404.44 404.84 405.43 404.71 403.12 402.13 402.83 403.88 404.50 404.40 404.36 404.57 405.01 405.44 405.43 404.86 404.29 404.39 404.65 404.83 404.94 404.93 404.74
 404.04 403.90 404.06 404.16 403.80 403.19 402.58 402.96 403.45 403.67 403.67 403.68 403.89 404.33 404.98 404.85 403.98 403.22 403.03 403.28 403.58 404.17 404.46 404.30
 403.71 403.63 403.49 403.36 403.26 403.11 403.18 403.37 403.63 403.67 403.58 403.49 403.52 403.77 404.25 404.21 403.56 402.96 402.89 402.83 403.12 403.53 403.89 403.90
 403.63 403.61 403.56 403.44 403.31 403.27 403.42 403.59 403.70 403.65 403.58 403.50 403.46 403.52 403.70 403.59 403.34 403.05 403.06 403.12 403.21 403.45 403.63 403.65
 403.47 403.47 403.47 403.47 403.47 403.47 403.47 403.47 403.47 403.47 403.47 403.47 403.47 403.47 403.47 403.47 403.47 403.47 403.47 403.47 403.47 403.47 403.47 403.47
