2018 MONTHLY CO2 (PPMV)   24  12  LON/LAT (N-S/0-360E) IN 15 DEGREE RESOLUTION,  GLB ANNUAL MEAN = 407.75,  GROWTH RATE = 2.60,  MISS DATA = -99.99
 414.19 414.19 414.19 414.19 414.19 414.19 414.19 414.19 414.19 414.19 414.19 414.19 414.19 414.19 414.19 414.19 414.19 414.19 414.19 414.19 414.19 414.19 414.19 414.19
 414.52 416.19 416.97 415.73 413.95 412.89 413.16 414.36 414.91 415.02 414.46 413.67 413.04 412.97 413.23 414.53 415.44 415.85 414.91 413.79 412.83 412.36 412.43 412.43
 413.48 415.98 415.74 414.07 412.55 411.76 412.35 413.78 414.94 414.98 414.03 413.01 412.52 412.47 412.85 413.50 415.18 415.74 415.17 413.91 412.20 412.04 411.66 411.80
 411.87 412.39 412.70 411.20 411.51 412.21 413.29 414.31 415.09 413.92 412.96 412.12 411.56 411.18 411.20 412.17 412.50 413.79 413.59 412.36 411.68 411.09 410.72 410.49
 409.32 409.00 408.29 408.75 409.94 411.78 413.89 415.06 414.08 412.94 411.52 410.88 410.25 409.25 409.19 409.73 410.24 410.35 410.80 411.08 410.10 409.68 409.16 409.08
 407.13 406.62 406.79 407.23 408.14 409.15 410.51 411.18 411.21 409.73 409.19 408.87 408.34 407.70 407.43 407.61 407.45 407.89 408.53 409.04 408.56 407.50 407.09 407.10
 405.35 405.38 406.15 407.11 406.71 405.70 405.06 406.17 406.72 406.94 406.51 406.53 406.53 406.54 406.45 406.09 405.96 406.28 407.03 407.19 406.52 405.61 405.40 405.36
 404.43 404.55 405.21 406.05 405.34 403.64 402.55 403.06 403.87 404.43 404.52 404.76 405.20 405.63 405.68 405.45 405.19 405.21 405.28 405.12 404.83 404.59 404.58 404.60
 404.24 404.19 404.29 404.42 404.12 403.64 403.01 403.29 403.74 403.93 403.98 404.05 404.38 404.86 405.22 405.28 405.07 404.64 403.99 403.64 403.70 403.99 404.29 404.35
 404.00 403.85 403.58 403.41 403.49 403.54 403.46 403.44 403.55 403.57 403.50 403.62 403.86 404.31 404.85 405.05 404.76 404.02 403.43 403.14 403.32 403.62 403.94 404.05
 403.79 403.70 403.57 403.58 403.70 403.69 403.53 403.41 403.40 403.34 403.32 403.38 403.58 403.97 404.42 404.59 404.14 403.53 403.23 403.15 403.30 403.55 403.76 403.82
 403.57 403.57 403.57 403.57 403.57 403.57 403.57 403.57 403.57 403.57 403.57 403.57 403.57 403.57 403.57 403.57 403.57 403.57 403.57 403.57 403.57 403.57 403.57 403.57
 414.64 414.64 414.64 414.64 414.64 414.64 414.64 414.64 414.64 414.64 414.64 414.64 414.64 414.64 414.64 414.64 414.64 414.64 414.64 414.64 414.64 414.64 414.64 414.64
 415.99 416.96 417.08 415.90 414.32 413.46 413.72 414.90 415.45 415.46 415.19 414.75 414.39 414.01 413.68 413.80 414.06 414.51 414.38 414.00 413.74 413.80 414.18 414.39
 415.69 417.24 416.73 415.11 413.96 412.73 413.05 414.43 415.62 415.66 414.91 414.24 413.77 413.43 413.16 413.14 414.02 414.87 414.74 414.18 413.10 413.40 413.39 413.98
 414.15 415.25 415.65 414.65 413.93 413.77 414.32 415.30 415.99 414.74 413.75 412.89 412.37 411.80 411.73 412.27 412.58 413.79 413.88 412.98 412.61 412.27 412.22 412.43
 411.51 412.66 413.83 413.16 412.91 413.40 415.31 416.13 414.76 413.28 411.76 411.13 410.47 409.73 409.85 410.56 411.06 411.23 411.73 411.94 410.97 410.66 410.35 410.43
 408.71 410.02 411.09 410.96 410.09 410.49 411.80 412.47 412.04 410.54 409.71 409.14 408.50 408.12 408.44 409.05 409.17 409.56 409.93 410.06 409.34 408.34 408.04 408.01
 406.48 406.89 408.13 408.58 407.84 406.50 406.01 407.07 407.85 408.11 407.46 406.97 406.79 407.04 407.58 407.85 407.88 407.90 408.11 408.01 407.27 406.42 406.21 406.08
 404.88 404.92 405.55 406.41 405.76 404.16 403.14 403.88 404.88 405.66 405.37 405.26 405.41 406.06 406.82 407.06 406.46 405.71 405.69 405.72 405.45 405.31 405.31 405.21
 404.52 404.39 404.48 404.58 404.26 403.84 403.29 403.62 404.08 404.20 404.23 404.23 404.53 405.13 406.03 406.01 404.96 403.96 403.72 403.92 404.08 404.47 404.79 404.74
 404.08 403.90 403.59 403.37 403.34 403.39 403.44 403.53 403.65 403.71 403.63 403.76 403.99 404.39 405.02 404.98 404.17 403.43 403.33 403.33 403.50 403.81 404.09 404.19
 403.76 403.66 403.50 403.41 403.37 403.39 403.38 403.38 403.41 403.42 403.44 403.52 403.71 403.98 404.28 404.11 403.74 403.32 403.32 403.32 403.41 403.56 403.71 403.78
 403.51 403.51 403.51 403.51 403.51 403.51 403.51 403.51 403.51 403.51 403.51 403.51 403.51 403.51 403.51 403.51 403.51 403.51 403.51 403.51 403.51 403.51 403.51 403.51
 415.21 415.21 415.21 415.21 415.21 415.21 415.21 415.21 415.21 415.21 415.21 415.21 415.21 415.21 415.21 415.21 415.21 415.21 415.21 415.21 415.21 415.21 415.21 415.21
 416.27 416.78 417.00 416.10 414.85 414.12 414.28 415.23 415.71 415.93 416.03 415.78 415.34 414.82 414.67 415.33 415.91 416.20 415.44 414.61 414.10 414.07 414.51 414.91
 415.96 417.34 416.88 415.52 414.62 413.51 413.79 415.07 416.18 416.39 415.82 415.26 414.68 414.35 414.21 414.55 415.72 416.02 415.49 414.60 413.64 413.69 413.83 414.46
 414.75 415.97 416.41 415.49 414.62 414.27 414.20 415.14 415.94 415.49 414.53 413.54 413.04 412.52 412.71 413.51 413.78 414.36 414.07 413.52 413.08 412.65 412.69 412.99
 412.40 413.72 415.21 414.19 413.45 413.29 414.18 414.32 414.11 413.70 412.38 411.55 410.82 410.30 410.66 411.51 411.85 411.58 412.04 412.26 411.72 411.24 410.95 411.06
 409.53 411.20 412.21 411.82 410.29 409.93 410.02 410.77 410.99 410.91 410.29 409.54 408.89 408.60 409.11 409.79 409.99 410.25 410.51 410.78 410.55 409.69 409.07 408.62
 407.07 407.55 408.76 408.93 407.78 405.77 404.89 406.10 407.67 408.44 407.99 407.40 407.23 407.53 408.15 408.51 408.52 408.50 408.63 408.86 408.90 408.24 407.29 406.57
 405.21 405.25 405.82 406.62 405.72 403.77 402.52 403.57 405.01 406.08 405.66 405.47 405.64 406.44 407.33 407.59 406.92 406.04 406.01 406.41 406.70 406.52 406.08 405.54
 404.77 404.63 404.76 404.87 404.38 403.71 403.01 403.55 404.22 404.44 404.39 404.22 404.50 405.25 406.39 406.42 405.25 404.12 403.86 404.23 404.47 404.83 405.10 404.99
 404.24 404.08 403.84 403.65 403.49 403.42 403.51 403.71 403.86 403.96 403.83 403.81 403.88 404.30 405.13 405.24 404.41 403.59 403.47 403.45 403.58 403.89 404.18 404.36
 403.88 403.81 403.68 403.54 403.40 403.43 403.54 403.64 403.68 403.71 403.73 403.73 403.75 403.87 404.22 404.20 403.94 403.53 403.53 403.55 403.59 403.69 403.80 403.87
 403.65 403.65 403.65 403.65 403.65 403.65 403.65 403.65 403.65 403.65 403.65 403.65 403.65 403.65 403.65 403.65 403.65 403.65 403.65 403.65 403.65 403.65 403.65 403.65
 415.93 415.93 415.93 415.93 415.93 415.93 415.93 415.93 415.93 415.93 415.93 415.93 415.93 415.93 415.93 415.93 415.93 415.93 415.93 415.93 415.93 415.93 415.93 415.93
 414.63 415.37 416.55 416.84 416.09 415.46 415.62 416.39 416.82 416.90 416.81 416.54 416.24 415.86 415.39 415.20 415.35 415.98 416.11 415.76 415.07 414.68 414.72 414.38
 413.79 414.60 415.41 415.68 415.46 414.90 415.13 416.14 417.03 417.16 416.54 416.00 415.60 415.31 414.83 414.50 414.76 415.59 415.87 415.65 414.58 414.48 414.12 413.84
 413.23 413.77 414.41 414.65 414.98 415.45 415.31 415.82 416.39 416.19 415.31 414.52 414.15 413.59 413.36 413.44 413.41 414.11 414.69 414.43 414.09 413.63 413.33 412.92
 412.17 412.80 413.63 412.96 413.12 413.89 414.72 414.39 414.39 414.35 413.21 412.57 411.90 411.25 411.16 411.88 412.14 412.44 412.72 413.24 412.75 412.30 411.72 411.44
 409.39 410.47 410.91 410.40 409.44 409.58 409.57 410.39 410.81 411.28 410.79 410.14 409.45 409.01 409.51 410.47 411.25 411.56 411.72 411.77 411.68 410.59 409.54 408.76
 406.72 407.04 407.84 407.71 406.58 404.66 403.86 405.25 407.16 408.27 407.98 407.55 407.28 407.56 408.25 409.26 409.66 409.80 409.67 409.92 409.93 408.86 407.26 406.18
 404.95 405.08 405.49 406.00 404.89 402.82 401.48 402.68 404.37 405.64 405.58 405.66 405.86 406.44 407.31 407.88 407.62 406.88 406.84 407.25 407.48 406.76 405.77 405.01
 404.78 404.77 404.83 404.89 404.27 403.43 402.61 403.18 403.90 404.40 404.61 404.80 405.12 405.62 406.41 406.51 405.52 404.64 404.39 404.82 404.96 404.97 404.90 404.79
 404.49 404.41 404.23 404.10 403.97 403.81 403.75 403.87 404.10 404.30 404.41 404.53 404.70 405.00 405.52 405.44 404.70 404.01 403.91 403.90 403.96 404.11 404.27 404.46
 404.20 404.18 404.09 404.05 404.01 404.02 404.04 404.07 404.13 404.26 404.36 404.44 404.53 404.70 404.90 404.69 404.32 403.94 403.94 403.95 403.96 403.99 404.05 404.15
 404.15 404.15 404.15 404.15 404.15 404.15 404.15 404.15 404.15 404.15 404.15 404.15 404.15 404.15 404.15 404.15 404.15 404.15 404.15 404.15 404.15 404.15 404.15 404.15
 414.77 414.77 414.77 414.77 414.77 414.77 414.77 414.77 414.77 414.77 414.77 414.77 414.77 414.77 414.77 414.77 414.77 414.77 414.77 414.77 414.77 414.77 414.77 414.77
 411.52 411.86 413.28 414.33 413.88 413.52 414.28 415.63 416.33 416.46 416.45 416.23 415.98 415.62 414.63 413.19 412.63 412.99 413.86 414.18 414.13 413.99 413.79 412.70
 410.11 410.02 412.03 413.43 413.15 412.53 412.96 414.63 415.87 416.32 415.94 415.66 415.35 414.92 413.94 412.78 412.07 412.60 412.97 413.37 413.50 413.82 413.21 411.92
 410.29 410.58 411.80 412.90 412.66 412.28 412.47 413.58 415.03 415.15 414.70 414.32 414.13 413.55 412.83 412.06 412.05 412.27 412.59 412.71 413.13 413.10 412.69 411.48
 411.04 411.59 412.63 411.77 411.00 410.83 411.52 412.48 413.20 413.56 412.76 412.49 412.03 411.44 410.89 411.40 411.87 412.24 412.26 412.42 412.40 412.08 411.35 410.70
 409.10 410.13 410.25 409.37 407.93 407.57 407.94 409.13 410.13 410.65 410.32 409.86 409.31 408.91 409.43 410.58 411.78 412.25 412.16 411.96 411.81 410.68 409.43 408.56
 406.74 406.93 407.28 406.61 405.57 404.23 403.86 405.13 406.65 407.62 407.43 407.15 406.82 407.14 407.93 409.47 410.25 410.58 410.30 410.48 410.40 409.17 407.32 406.16
 405.11 405.17 405.22 405.29 404.44 403.10 402.21 403.04 404.19 405.10 405.26 405.45 405.61 406.00 406.86 407.78 408.02 407.57 407.52 407.89 408.05 407.11 405.90 405.07
 405.01 405.00 404.90 404.79 404.29 403.70 403.14 403.46 403.87 404.29 404.60 404.99 405.27 405.53 405.99 406.29 405.74 405.26 405.08 405.50 405.57 405.37 405.10 404.96
 404.78 404.72 404.54 404.42 404.28 404.15 404.07 404.11 404.28 404.43 404.61 404.82 405.06 405.23 405.48 405.39 404.99 404.61 404.53 404.55 404.53 404.53 404.56 404.72
 404.51 404.49 404.41 404.36 404.33 404.34 404.34 404.35 404.40 404.48 404.57 404.68 404.86 405.06 405.16 404.97 404.70 404.49 404.48 404.47 404.45 404.39 404.38 404.46
 404.49 404.49 404.49 404.49 404.49 404.49 404.49 404.49 404.49 404.49 404.49 404.49 404.49 404.49 404.49 404.49 404.49 404.49 404.49 404.49 404.49 404.49 404.49 404.49
 410.73 410.73 410.73 410.73 410.73 410.73 410.73 410.73 410.73 410.73 410.73 410.73 410.73 410.73 410.73 410.73 410.73 410.73 410.73 410.73 410.73 410.73 410.73 410.73
 408.92 408.81 409.28 409.57 408.91 408.58 409.67 411.37 412.25 412.29 412.28 412.32 412.61 412.73 411.49 408.75 407.00 406.15 407.63 409.13 410.62 410.95 410.60 409.76
 407.66 407.62 408.76 409.31 408.60 407.72 408.00 409.89 411.23 411.88 411.61 411.83 412.04 411.91 410.82 409.02 406.83 405.99 405.82 407.99 410.48 411.36 410.37 409.04
 407.84 407.92 408.66 409.01 408.60 408.15 408.57 409.73 411.37 411.12 411.07 411.25 411.36 411.13 410.42 408.95 408.65 407.48 407.36 408.83 410.99 411.18 410.30 408.98
 408.91 408.50 408.47 407.98 407.73 408.05 409.21 410.93 410.93 410.94 410.34 410.41 410.24 410.03 409.42 409.48 409.68 409.75 409.83 410.09 410.76 410.50 409.49 408.88
 408.25 408.15 407.22 406.57 406.10 406.23 407.26 408.66 409.51 409.41 409.05 408.77 408.52 408.46 408.82 409.47 410.30 410.86 410.78 410.48 409.81 408.94 408.19 408.09
 406.98 406.60 406.24 405.62 404.79 403.86 403.40 404.85 406.30 407.22 406.92 406.74 406.64 407.09 407.83 408.92 409.46 409.72 409.51 409.31 408.58 407.69 407.12 406.78
 405.87 405.77 405.56 405.41 404.38 402.92 401.96 402.90 404.23 405.17 405.19 405.24 405.43 405.98 406.89 407.71 407.86 407.50 407.42 407.38 407.12 406.84 406.49 406.15
 405.54 405.37 405.23 405.03 404.41 403.72 403.12 403.59 404.14 404.59 404.65 404.71 404.87 405.25 405.95 406.42 406.12 405.74 405.61 405.79 405.88 405.99 405.98 405.73
 405.11 405.01 404.84 404.73 404.51 404.33 404.28 404.39 404.59 404.70 404.72 404.65 404.64 404.79 405.23 405.50 405.41 405.18 405.12 405.17 405.18 405.23 405.21 405.22
 404.81 404.78 404.70 404.62 404.52 404.54 404.62 404.69 404.71 404.75 404.76 404.73 404.66 404.64 404.80 404.98 405.07 404.98 404.98 404.93 404.91 404.79 404.75 404.78
 404.72 404.72 404.72 404.72 404.72 404.72 404.72 404.72 404.72 404.72 404.72 404.72 404.72 404.72 404.72 404.72 404.72 404.72 404.72 404.72 404.72 404.72 404.72 404.72
 403.11 403.11 403.11 403.11 403.11 403.11 403.11 403.11 403.11 403.11 403.11 403.11 403.11 403.11 403.11 403.11 403.11 403.11 403.11 403.11 403.11 403.11 403.11 403.11
 403.84 403.10 402.93 402.99 403.34 403.31 403.02 402.64 402.78 403.53 404.84 405.53 405.60 405.22 404.21 401.44 399.43 398.49 399.85 402.02 404.05 405.01 404.66 404.36
 403.96 403.88 403.63 403.72 404.25 404.25 403.76 404.14 404.51 405.61 405.77 406.28 406.35 406.23 404.69 402.82 400.14 398.60 398.42 400.88 404.45 405.37 404.88 404.29
 404.84 404.75 404.45 404.38 405.05 405.73 405.28 405.75 406.93 407.32 407.06 407.10 407.26 407.14 406.20 404.29 403.70 401.86 401.10 403.41 405.35 406.02 405.47 405.14
 406.15 405.57 405.16 405.07 405.65 406.25 406.34 406.84 407.47 408.33 407.90 407.76 407.67 407.74 407.07 406.57 406.16 406.09 406.28 405.89 406.77 406.60 406.31 406.07
 406.78 406.55 405.87 405.72 405.37 405.28 404.91 406.04 406.93 408.01 407.85 407.50 407.42 407.65 407.51 407.02 406.97 407.79 407.90 407.73 406.92 406.82 406.63 406.84
 406.85 406.64 406.41 406.10 404.99 403.44 402.48 403.74 405.58 406.78 406.73 406.59 406.65 407.01 407.01 406.65 406.48 406.87 407.31 407.30 407.00 406.74 406.73 406.76
 406.44 406.31 406.07 405.90 404.68 402.97 401.85 402.97 404.61 405.71 405.66 405.66 405.83 406.23 406.31 406.12 405.85 406.00 406.16 406.32 406.38 406.47 406.57 406.58
 406.07 405.89 405.72 405.51 404.80 403.99 403.28 403.94 404.72 405.27 405.24 405.17 405.28 405.60 405.86 405.93 405.82 405.74 405.67 405.68 405.79 405.99 406.17 406.16
 405.60 405.50 405.32 405.21 405.00 404.80 404.72 404.88 405.14 405.29 405.25 405.13 405.06 405.24 405.59 405.79 405.74 405.57 405.44 405.39 405.42 405.49 405.56 405.66
 405.28 405.25 405.17 405.12 405.07 405.09 405.14 405.20 405.23 405.29 405.30 405.25 405.12 405.14 405.36 405.58 405.55 405.40 405.33 405.29 405.27 405.20 405.20 405.25
 405.21 405.21 405.21 405.21 405.21 405.21 405.21 405.21 405.21 405.21 405.21 405.21 405.21 405.21 405.21 405.21 405.21 405.21 405.21 405.21 405.21 405.21 405.21 405.21
 399.20 399.20 399.20 399.20 399.20 399.20 399.20 399.20 399.20 399.20 399.20 399.20 399.20 399.20 399.20 399.20 399.20 399.20 399.20 399.20 399.20 399.20 399.20 399.20
 401.05 400.57 399.27 398.62 400.11 401.26 400.91 399.40 399.00 399.24 399.87 400.15 400.21 400.19 401.10 401.29 400.37 398.94 398.27 399.05 399.85 400.17 399.64 400.23
 402.44 402.80 401.56 400.82 402.08 403.19 402.47 401.74 400.88 401.28 401.02 401.34 401.61 402.14 402.41 402.56 401.58 399.21 398.67 399.45 401.43 401.20 400.75 401.00
 403.22 403.82 403.47 402.95 403.40 403.84 404.29 403.97 404.42 403.51 403.08 403.17 403.57 404.02 404.19 403.69 403.29 401.99 400.38 401.88 402.84 402.87 402.13 402.48
 404.00 404.10 404.30 404.53 404.38 404.37 404.53 406.35 405.98 405.73 405.09 405.03 405.24 405.76 405.70 405.08 404.93 404.35 404.33 403.60 404.34 404.22 404.06 403.87
 405.22 405.29 405.47 405.77 405.02 404.08 404.49 405.77 406.85 406.79 406.35 406.07 406.25 406.68 406.57 406.04 405.65 406.01 405.68 405.35 404.83 405.28 405.35 405.43
 406.16 406.29 406.40 406.56 405.34 403.94 403.01 404.35 405.75 406.56 406.25 406.10 406.34 406.69 406.75 406.33 406.12 406.08 405.91 405.59 405.70 406.04 406.20 406.24
 406.42 406.42 406.34 406.32 405.35 403.90 402.95 403.85 405.18 405.97 405.63 405.38 405.52 406.11 406.40 406.37 406.21 406.09 405.80 405.70 405.95 406.29 406.45 406.47
 406.17 406.07 406.03 405.94 405.40 404.73 404.14 404.69 405.35 405.69 405.29 404.69 404.61 405.24 405.95 406.26 406.18 406.04 405.84 405.80 405.91 406.11 406.21 406.20
 405.86 405.83 405.73 405.68 405.55 405.39 405.33 405.45 405.63 405.70 405.40 404.84 404.33 404.65 405.50 406.08 406.11 405.93 405.80 405.73 405.76 405.81 405.86 405.91
 405.70 405.70 405.68 405.65 405.63 405.65 405.67 405.69 405.70 405.71 405.63 405.35 404.78 404.58 405.04 405.70 405.90 405.82 405.75 405.73 405.70 405.66 405.64 405.67
 405.56 405.56 405.56 405.56 405.56 405.56 405.56 405.56 405.56 405.56 405.56 405.56 405.56 405.56 405.56 405.56 405.56 405.56 405.56 405.56 405.56 405.56 405.56 405.56
 401.43 401.43 401.43 401.43 401.43 401.43 401.43 401.43 401.43 401.43 401.43 401.43 401.43 401.43 401.43 401.43 401.43 401.43 401.43 401.43 401.43 401.43 401.43 401.43
 402.42 403.01 403.07 402.99 403.73 404.09 403.66 402.74 402.52 402.48 402.46 402.13 401.80 401.53 402.18 402.40 402.02 401.34 401.06 401.06 400.92 400.57 400.36 401.12
 403.66 404.91 404.94 404.88 405.18 405.28 404.79 404.74 404.36 404.26 403.28 402.86 402.71 403.02 403.10 403.19 403.00 402.64 402.74 402.48 402.04 401.55 401.57 402.11
 404.14 405.57 406.67 406.59 406.16 406.02 406.71 406.98 407.26 405.53 404.30 403.55 403.64 403.97 404.17 403.89 403.90 404.44 404.19 403.56 403.15 402.95 402.83 403.14
 404.19 405.32 406.56 407.03 406.10 406.16 407.24 409.09 407.76 406.48 404.99 404.40 404.45 404.99 405.10 404.67 404.87 405.05 404.99 404.32 403.95 404.10 404.25 404.14
 405.18 405.58 406.35 406.70 405.69 405.17 406.42 407.53 407.62 406.49 405.72 405.23 405.42 405.89 405.80 405.43 404.92 404.97 404.78 404.63 404.70 405.20 405.48 405.32
 406.14 406.26 406.32 406.48 405.27 404.29 403.65 405.08 405.98 406.43 405.93 405.77 405.97 406.20 406.16 405.62 405.32 405.19 405.06 405.09 405.65 406.32 406.46 406.36
 406.59 406.57 406.42 406.34 405.41 404.05 403.17 404.02 405.30 406.08 405.82 405.60 405.65 405.94 405.93 405.72 405.52 405.51 405.45 405.70 406.26 406.74 406.84 406.72
 406.29 406.16 406.16 406.09 405.57 404.94 404.40 404.97 405.62 405.98 405.69 405.25 405.13 405.37 405.59 405.60 405.55 405.65 405.84 406.07 406.28 406.53 406.57 406.41
 406.00 405.98 405.94 405.94 405.79 405.66 405.64 405.80 405.95 406.02 405.82 405.42 405.02 405.05 405.31 405.53 405.63 405.82 405.97 406.04 406.09 406.16 406.19 406.14
 405.96 405.96 405.96 405.91 405.87 405.92 406.01 406.08 406.08 406.07 406.00 405.80 405.38 405.09 405.16 405.46 405.75 405.95 406.03 406.05 406.03 406.00 405.98 405.96
 405.89 405.89 405.89 405.89 405.89 405.89 405.89 405.89 405.89 405.89 405.89 405.89 405.89 405.89 405.89 405.89 405.89 405.89 405.89 405.89 405.89 405.89 405.89 405.89
 407.45 407.45 407.45 407.45 407.45 407.45 407.45 407.45 407.45 407.45 407.45 407.45 407.45 407.45 407.45 407.45 407.45 407.45 407.45 407.45 407.45 407.45 407.45 407.45
 407.58 408.16 407.78 407.02 407.49 408.53 409.50 410.02 410.35 410.17 409.63 408.66 407.81 407.38 408.92 410.52 410.51 408.76 406.98 405.92 405.61 405.31 405.36 406.00
 408.30 409.81 409.52 408.68 408.61 408.83 409.44 410.86 411.53 411.35 409.79 408.69 408.01 408.38 409.46 410.53 410.56 409.23 408.04 407.00 405.93 405.73 405.96 406.57
 407.77 409.40 410.73 410.15 409.30 409.20 410.81 412.25 413.27 411.06 409.12 407.67 407.42 407.62 408.62 409.15 408.68 408.66 408.30 406.93 406.23 406.11 406.34 406.46
 406.35 407.57 409.00 409.13 408.02 408.66 411.02 413.67 412.00 409.91 407.50 406.67 406.49 406.74 407.15 407.15 407.17 407.08 407.20 406.78 406.07 406.30 406.58 406.39
 406.40 406.60 407.14 407.11 406.31 406.67 409.20 410.50 410.00 407.70 406.67 406.24 406.28 406.42 406.34 406.17 405.76 405.84 405.95 406.07 406.25 406.63 406.96 406.61
 406.80 406.47 406.07 405.82 405.00 404.95 405.06 406.58 406.94 406.98 406.30 406.20 406.31 406.40 406.24 405.66 405.40 405.44 405.68 406.00 406.65 407.28 407.41 407.20
 406.99 406.70 406.28 405.94 405.24 404.43 403.92 404.65 405.73 406.40 406.15 405.95 405.96 406.10 405.87 405.50 405.24 405.37 405.59 406.14 406.87 407.42 407.57 407.35
 406.58 406.32 406.18 405.98 405.58 405.19 404.90 405.41 405.96 406.24 406.02 405.68 405.59 405.63 405.55 405.35 405.29 405.47 405.78 406.15 406.50 406.95 407.10 406.86
 406.22 406.15 406.08 406.04 405.91 405.85 405.90 406.06 406.15 406.17 406.00 405.75 405.50 405.40 405.34 405.33 405.42 405.70 405.93 406.02 406.15 406.34 406.47 406.41
 406.13 406.13 406.11 406.05 406.01 406.08 406.20 406.28 406.24 406.19 406.11 405.98 405.72 405.45 405.33 405.41 405.67 405.95 406.07 406.12 406.11 406.12 406.13 406.12
 406.04 406.04 406.04 406.04 406.04 406.04 406.04 406.04 406.04 406.04 406.04 406.04 406.04 406.04 406.04 406.04 406.04 406.04 406.04 406.04 406.04 406.04 406.04 406.04
 413.25 413.25 413.25 413.25 413.25 413.25 413.25 413.25 413.25 413.25 413.25 413.25 413.25 413.25 413.25 413.25 413.25 413.25 413.25 413.25 413.25 413.25 413.25 413.25
 414.02 416.00 416.88 415.53 413.75 412.64 412.97 414.25 414.86 414.62 413.94 413.11 412.55 412.18 413.01 415.16 415.65 415.03 413.12 411.81 410.90 410.21 410.26 411.04
 413.73 416.81 416.51 414.37 412.43 411.16 411.66 413.60 414.75 414.57 413.47 412.63 412.12 412.06 412.91 414.26 415.93 415.59 414.74 413.21 410.61 409.94 409.99 410.75
 411.90 413.94 414.89 413.14 411.46 410.21 411.66 413.39 414.88 413.28 412.13 411.20 410.88 410.63 411.32 412.93 412.97 414.24 414.26 412.11 410.19 409.28 409.40 409.62
 409.03 409.96 411.09 410.70 409.53 409.27 411.01 413.80 413.11 411.58 410.01 409.57 409.25 408.89 409.41 410.16 410.69 410.93 411.24 410.85 408.97 408.58 408.65 408.62
 407.93 408.18 408.55 408.37 407.55 407.15 408.88 410.18 410.73 409.10 408.47 408.28 408.02 407.75 407.84 408.12 407.98 408.17 408.54 408.71 408.44 408.03 408.09 407.88
 407.45 407.16 407.01 406.87 406.03 405.31 404.96 406.48 407.46 407.95 407.41 407.26 407.21 407.22 407.16 406.86 406.78 406.97 407.43 407.64 407.78 407.85 407.83 407.65
 407.08 406.87 406.69 406.64 405.76 404.47 403.65 404.58 405.95 406.88 406.63 406.49 406.53 406.74 406.67 406.45 406.26 406.35 406.47 406.77 407.21 407.55 407.65 407.45
 406.65 406.41 406.36 406.27 405.80 405.25 404.77 405.33 405.98 406.31 406.22 406.04 406.08 406.27 406.38 406.33 406.23 406.14 406.02 406.11 406.42 406.92 407.14 406.94
 406.25 406.17 406.08 406.06 405.97 405.89 405.89 406.03 406.09 406.13 406.02 405.95 405.87 405.97 406.16 406.24 406.19 406.03 405.91 405.81 406.00 406.28 406.49 406.46
 406.13 406.10 406.09 406.08 406.09 406.15 406.22 406.24 406.19 406.12 406.06 406.02 405.92 405.90 406.00 406.12 406.10 406.02 405.97 405.98 406.00 406.09 406.16 406.16
 406.10 406.10 406.10 406.10 406.10 406.10 406.10 406.10 406.10 406.10 406.10 406.10 406.10 406.10 406.10 406.10 406.10 406.10 406.10 406.10 406.10 406.10 406.10 406.10
 415.80 415.80 415.80 415.80 415.80 415.80 415.80 415.80 415.80 415.80 415.80 415.80 415.80 415.80 415.80 415.80 415.80 415.80 415.80 415.80 415.80 415.80 415.80 415.80
 416.26 418.12 419.16 418.01 415.83 414.47 414.88 416.60 417.35 416.89 415.87 415.01 414.73 414.59 414.94 417.01 417.81 417.69 415.76 414.45 413.46 412.79 412.87 413.52
 415.52 418.28 418.20 416.45 414.77 413.12 413.61 415.50 416.84 416.44 415.13 414.29 413.97 413.74 414.43 415.74 418.04 417.55 416.43 415.18 413.64 413.12 412.60 413.16
 413.94 415.44 416.19 414.97 414.28 414.19 415.16 416.37 417.03 414.94 413.83 413.02 412.57 412.11 412.59 414.52 414.96 415.97 415.12 414.29 413.64 412.56 411.90 411.78
 411.11 411.97 412.78 412.63 412.89 414.07 416.61 417.85 415.69 413.58 411.90 411.42 410.86 410.16 410.64 411.70 412.53 412.40 412.92 413.04 412.00 411.24 410.36 410.39
 409.13 409.70 410.31 410.49 410.25 411.10 412.92 413.71 413.10 411.02 410.20 409.83 409.25 408.73 408.82 409.25 409.32 409.92 410.47 410.94 410.35 409.36 408.94 408.72
 407.75 407.86 408.47 408.95 408.12 406.82 406.11 407.61 408.64 409.10 408.41 408.12 407.96 407.92 407.83 407.56 407.59 408.02 408.84 409.08 408.82 408.32 408.00 407.73
 406.89 406.97 407.52 408.20 407.05 404.76 403.28 404.37 405.96 407.09 406.84 406.74 406.86 407.21 407.18 406.93 406.70 406.84 407.05 407.31 407.55 407.65 407.55 407.26
 406.52 406.42 406.79 407.14 406.50 405.44 404.53 405.09 405.78 406.14 406.09 405.95 406.10 406.49 406.79 406.79 406.63 406.40 406.06 406.03 406.33 406.84 407.06 406.82
 406.17 406.08 406.15 406.24 406.17 405.91 405.79 405.88 405.94 405.98 405.86 405.78 405.72 405.98 406.42 406.62 406.46 406.04 405.70 405.52 405.77 406.14 406.45 406.41
 406.05 405.97 405.96 406.02 406.07 406.11 406.13 406.13 406.06 405.97 405.91 405.86 405.74 405.80 406.08 406.30 406.12 405.81 405.64 405.62 405.74 405.97 406.15 406.14
 405.96 405.96 405.96 405.96 405.96 405.96 405.96 405.96 405.96 405.96 405.96 405.96 405.96 405.96 405.96 405.96 405.96 405.96 405.96 405.96 405.96 405.96 405.96 405.96
