       0.320758081676E-01  0.810020127428E-01
       0.157790935440E+00  0.163636497638E+00
       0.341886116992E+00  0.194495213222E+00
       0.525981298543E+00  0.163636497638E+00
       0.651696425816E+00  0.810020127428E-01
       0.693915495143E+00  0.256150855325E-01
       0.733670108995E+00  0.517464040868E-01
       0.791886116992E+00  0.615047867781E-01
       0.850102124988E+00  0.517464040868E-01
       0.889856738840E+00  0.256150855325E-01
       0.903207580817E+00  0.810020127428E-02
       0.915779093544E+00  0.163636497638E-01
       0.934188611699E+00  0.194495213222E-01
       0.952598129854E+00  0.163636497638E-01
       0.965169642582E+00  0.810020127428E-02
       0.969391549514E+00  0.256150855325E-02
       0.973367010900E+00  0.517464040868E-02
       0.979188611699E+00  0.615047867781E-02
       0.985010212499E+00  0.517464040868E-02
       0.988985673884E+00  0.256150855325E-02
       0.990320758082E+00  0.810020127428E-03
       0.991577909354E+00  0.163636497638E-02
       0.993418861170E+00  0.194495213222E-02
       0.995259812985E+00  0.163636497638E-02
       0.996516964258E+00  0.810020127428E-03
       0.996986065028E+00  0.374614297853E-03
       0.997567466435E+00  0.756778376118E-03
       0.998418861170E+00  0.899492312226E-03
       0.999270255905E+00  0.756778376118E-03
       0.999851657311E+00  0.374614297853E-03



  (n = 30)     xi                wi    (SUM wi =  .9999999999999994)
