  
 log(Aij)/0.360:
    0.107691E+02   0.110800E+02   0.117518E+02   0.124653E+02   0.132402E+02
    0.142081E+02   0.165356E+02   0.150230E+02   0.172726E+02   0.150737E+02
    0.163079E+02   0.143954E+02   0.135432E+02   0.128889E+02   0.123075E+02
    0.117433E+02   0.111865E+02   0.106553E+02   0.101715E+02   0.975723E+01
    0.939815E+01   0.905492E+01   0.872268E+01   0.840342E+01   0.809708E+01
    0.780053E+01   0.750807E+01   0.721183E+01   0.690337E+01   0.657669E+01
    0.622996E+01   0.586569E+01   0.549008E+01   0.511008E+01   0.472928E+01
    0.434987E+01   0.397545E+01   0.361055E+01   0.325993E+01   0.292703E+01
    0.261870E+01   0.232862E+01   0.204317E+01   0.176766E+01   0.149828E+01
    0.123118E+01   0.961870E+00   0.685480E+00   0.398002E+00   0.969149E-01
   -0.214118E+00  -0.529324E+00  -0.853381E+00  -0.119125E+01  -0.153565E+01
   -0.187854E+01  -0.275720E+01
    0.106689E+02   0.109467E+02   0.115796E+02   0.122286E+02   0.128965E+02
    0.136272E+02   0.145726E+02   0.166953E+02   0.153663E+02   0.174477E+02
    0.154044E+02   0.164250E+02   0.146486E+02   0.138308E+02   0.131718E+02
    0.125631E+02   0.119757E+02   0.114111E+02   0.108875E+02   0.104375E+02
    0.100506E+02   0.968242E+01   0.932754E+01   0.898767E+01   0.866280E+01
    0.835009E+01   0.804409E+01   0.773698E+01   0.742017E+01   0.708735E+01
    0.673640E+01   0.636958E+01   0.599278E+01   0.561269E+01   0.523272E+01
    0.485490E+01   0.448256E+01   0.411986E+01   0.377122E+01   0.343983E+01
    0.313465E+01   0.284753E+01   0.256124E+01   0.228470E+01   0.201421E+01
    0.174609E+01   0.147598E+01   0.119914E+01   0.911615E+00   0.610801E+00
    0.300195E+00  -0.145385E-01  -0.338036E+00  -0.675215E+00  -0.101891E+01
   -0.136120E+01  -0.223950E+01
    0.105137E+02   0.107653E+02   0.113819E+02   0.120025E+02   0.126219E+02
    0.132560E+02   0.139700E+02   0.149005E+02   0.168336E+02   0.156683E+02
    0.176017E+02   0.156886E+02   0.165157E+02   0.148399E+02   0.140364E+02
    0.133654E+02   0.127492E+02   0.121636E+02   0.116132E+02   0.111317E+02
    0.107161E+02   0.103216E+02   0.994245E+01   0.958006E+01   0.923444E+01
    0.890306E+01   0.858093E+01   0.826064E+01   0.793395E+01   0.759463E+01
    0.724000E+01   0.687147E+01   0.649409E+01   0.611387E+01   0.573385E+01
    0.535586E+01   0.498301E+01   0.461933E+01   0.426924E+01   0.393609E+01
    0.363055E+01   0.334336E+01   0.305470E+01   0.277612E+01   0.250400E+01
    0.223471E+01   0.196396E+01   0.168709E+01   0.140019E+01   0.110056E+01
    0.791200E+00   0.477124E+00   0.153298E+00  -0.185199E+00  -0.530617E+00
   -0.874309E+00  -0.175320E+01
    0.103326E+02   0.105758E+02   0.111836E+02   0.117861E+02   0.123768E+02
    0.129602E+02   0.135710E+02   0.142845E+02   0.151819E+02   0.169390E+02
    0.159343E+02   0.177253E+02   0.158979E+02   0.165787E+02   0.149582E+02
    0.141591E+02   0.134935E+02   0.128857E+02   0.123174E+02   0.118105E+02
    0.113655E+02   0.109432E+02   0.105376E+02   0.101495E+02   0.977925E+01
    0.942499E+01   0.908254E+01   0.874507E+01   0.840453E+01   0.805458E+01
    0.769198E+01   0.731746E+01   0.693542E+01   0.655138E+01   0.616809E+01
    0.578722E+01   0.541181E+01   0.504580E+01   0.469353E+01   0.435834E+01
    0.405194E+01   0.376453E+01   0.347485E+01   0.319581E+01   0.292354E+01
    0.265425E+01   0.238360E+01   0.210688E+01   0.182001E+01   0.152000E+01
    0.120968E+01   0.894304E+00   0.569289E+00   0.230097E+00  -0.115511E+00
   -0.459077E+00  -0.133780E+01
    0.102118E+02   0.104462E+02   0.110402E+02   0.116218E+02   0.121859E+02
    0.127306E+02   0.132757E+02   0.138763E+02   0.145785E+02   0.154089E+02
    0.170174E+02   0.161444E+02   0.178269E+02   0.160796E+02   0.166236E+02
    0.150351E+02   0.142486E+02   0.135934E+02   0.130012E+02   0.124703E+02
    0.119976E+02   0.115494E+02   0.111190E+02   0.107064E+02   0.103117E+02
    0.993373E+01   0.956911E+01   0.921201E+01   0.885506E+01   0.849212E+01
    0.811956E+01   0.773738E+01   0.734925E+01   0.696004E+01   0.657216E+01
    0.618712E+01   0.580786E+01   0.543825E+01   0.508256E+01   0.474412E+01
    0.443480E+01   0.414500E+01   0.385340E+01   0.357303E+01   0.329987E+01
    0.302994E+01   0.275882E+01   0.248172E+01   0.219444E+01   0.189378E+01
    0.158253E+01   0.126618E+01   0.940508E+00   0.601184E+00   0.255882E+00
   -0.871629E-01  -0.965518E+00
    0.101413E+02   0.103596E+02   0.109357E+02   0.114943E+02   0.120326E+02
    0.125455E+02   0.130440E+02   0.135739E+02   0.141757E+02   0.148388E+02
    0.155875E+02   0.170768E+02   0.163284E+02   0.179133E+02   0.162241E+02
    0.166600E+02   0.150969E+02   0.143206E+02   0.136775E+02   0.131137E+02
    0.126112E+02   0.121380E+02   0.116850E+02   0.112505E+02   0.108341E+02
    0.104345E+02   0.100491E+02   0.967293E+01   0.929954E+01   0.892331E+01
    0.854045E+01   0.815035E+01   0.775586E+01   0.736123E+01   0.696847E+01
    0.657896E+01   0.619548E+01   0.582179E+01   0.546206E+01   0.511960E+01
    0.480594E+01   0.451227E+01   0.421825E+01   0.393614E+01   0.366177E+01
    0.339103E+01   0.311948E+01   0.284233E+01   0.255529E+01   0.225498E+01
    0.194393E+01   0.162755E+01   0.130183E+01   0.962657E+00   0.617679E+00
    0.275021E+00  -0.603098E+00
    0.101102E+02   0.103067E+02   0.108668E+02   0.114023E+02   0.119135E+02
    0.123931E+02   0.128475E+02   0.133192E+02   0.138523E+02   0.144313E+02
    0.150339E+02   0.157061E+02   0.171222E+02   0.164764E+02   0.179854E+02
    0.163314E+02   0.166936E+02   0.151486E+02   0.143838E+02   0.137618E+02
    0.132201E+02   0.127188E+02   0.122433E+02   0.117888E+02   0.113533E+02
    0.109348E+02   0.105310E+02   0.101375E+02   0.974888E+01   0.936037E+01
    0.896811E+01   0.857088E+01   0.817066E+01   0.777088E+01   0.737323E+01
    0.697890E+01   0.659059E+01   0.621197E+01   0.584713E+01   0.549942E+01
    0.517955E+01   0.488020E+01   0.458327E+01   0.429924E+01   0.402383E+01
    0.375270E+01   0.348142E+01   0.320531E+01   0.292012E+01   0.262222E+01
    0.231359E+01   0.199910E+01   0.167473E+01   0.133654E+01   0.992288E+00
    0.650035E+00  -0.227964E+00
    0.100911E+02   0.102683E+02   0.108152E+02   0.113288E+02   0.118107E+02
    0.122526E+02   0.126592E+02   0.130744E+02   0.135510E+02   0.140783E+02
    0.146167E+02   0.151607E+02   0.157879E+02   0.171615E+02   0.165858E+02
    0.180460E+02   0.164191E+02   0.167270E+02   0.151965E+02   0.144480E+02
    0.138432E+02   0.133037E+02   0.128018E+02   0.123267E+02   0.118731E+02
    0.114378E+02   0.110180E+02   0.106096E+02   0.102079E+02   0.980895E+01
    0.940889E+01   0.900610E+01   0.860188E+01   0.819896E+01   0.779864E+01
    0.740193E+01   0.701130E+01   0.663015E+01   0.626239E+01   0.591135E+01
    0.558605E+01   0.528102E+01   0.498160E+01   0.469557E+01   0.441866E+01
    0.414661E+01   0.387513E+01   0.359971E+01   0.331625E+01   0.302095E+01
    0.271509E+01   0.240281E+01   0.207977E+01   0.174214E+01   0.139789E+01
    0.105538E+01   0.177223E+00
    0.100518E+02   0.102178E+02   0.107525E+02   0.112447E+02   0.116966E+02
    0.121010E+02   0.124641E+02   0.128296E+02   0.132572E+02   0.137475E+02
    0.142542E+02   0.147483E+02   0.152542E+02   0.158528E+02   0.171968E+02
    0.166718E+02   0.180987E+02   0.164923E+02   0.167606E+02   0.152420E+02
    0.145080E+02   0.139065E+02   0.133680E+02   0.128679E+02   0.123951E+02
    0.119436E+02   0.115092E+02   0.110877E+02   0.106746E+02   0.102661E+02
    0.985894E+01   0.945126E+01   0.904401E+01   0.863942E+01   0.823857E+01
    0.784234E+01   0.745279E+01   0.707276E+01   0.670561E+01   0.635425E+01
    0.602552E+01   0.571565E+01   0.541367E+01   0.512455E+01   0.484449E+01
    0.456968E+01   0.429618E+01   0.401976E+01   0.373656E+01   0.344277E+01
    0.313916E+01   0.282909E+01   0.250776E+01   0.217112E+01   0.182717E+01
    0.148445E+01   0.606098E+00
    0.998946E+01   0.101417E+02   0.106627E+02   0.111336E+02   0.115586E+02
    0.119325E+02   0.122615E+02   0.125863E+02   0.129698E+02   0.134271E+02
    0.139143E+02   0.143875E+02   0.148465E+02   0.153243E+02   0.159009E+02
    0.172267E+02   0.167387E+02   0.181427E+02   0.165509E+02   0.167927E+02
    0.152810E+02   0.145508E+02   0.139515E+02   0.134159E+02   0.129194E+02
    0.124503E+02   0.120016E+02   0.115682E+02   0.111451E+02   0.107286E+02
    0.103155E+02   0.990403E+01   0.949482E+01   0.908972E+01   0.868960E+01
    0.829517E+01   0.790806E+01   0.753052E+01   0.716532E+01   0.681502E+01
    0.648464E+01   0.617172E+01   0.586844E+01   0.557738E+01   0.529512E+01
    0.501832E+01   0.474342E+01   0.446652E+01   0.418400E+01   0.389200E+01
    0.359073E+01   0.328286E+01   0.296317E+01   0.262752E+01   0.228395E+01
    0.194112E+01   0.106259E+01
    0.993913E+01   0.100724E+02   0.105791E+02   0.110304E+02   0.114312E+02
    0.117782E+02   0.120778E+02   0.123684E+02   0.127124E+02   0.131348E+02
    0.136008E+02   0.140598E+02   0.144963E+02   0.149239E+02   0.153789E+02
    0.159390E+02   0.172532E+02   0.167928E+02   0.181822E+02   0.166026E+02
    0.168255E+02   0.153130E+02   0.145847E+02   0.139888E+02   0.134575E+02
    0.129655E+02   0.125003E+02   0.120543E+02   0.116216E+02   0.111979E+02
    0.107798E+02   0.103652E+02   0.995444E+01   0.954882E+01   0.914903E+01
    0.875563E+01   0.837005E+01   0.799430E+01   0.763085E+01   0.728198E+01
    0.695130E+01   0.663717E+01   0.633396E+01   0.604263E+01   0.575998E+01
    0.548290E+01   0.520799E+01   0.493151E+01   0.465006E+01   0.435984E+01
    0.406085E+01   0.375540E+01   0.343798E+01   0.310419E+01   0.276182E+01
    0.241948E+01   0.154102E+01
    0.992067E+01   0.100323E+02   0.105201E+02   0.109501E+02   0.113305E+02
    0.116596E+02   0.119411E+02   0.122089E+02   0.125238E+02   0.129148E+02
    0.133537E+02   0.137908E+02   0.142050E+02   0.146005E+02   0.149975E+02
    0.154312E+02   0.159736E+02   0.172810E+02   0.168428E+02   0.182244E+02
    0.166646E+02   0.168612E+02   0.153506E+02   0.146234E+02   0.140312E+02
    0.135046E+02   0.130175E+02   0.125567E+02   0.121138E+02   0.116836E+02
    0.112616E+02   0.108451E+02   0.104335E+02   0.100277E+02   0.962790E+01
    0.923452E+01   0.884896E+01   0.847325E+01   0.810985E+01   0.776095E+01
    0.742940E+01   0.711408E+01   0.681076E+01   0.651956E+01   0.623737E+01
    0.596108E+01   0.568744E+01   0.541279E+01   0.513405E+01   0.484751E+01
    0.455271E+01   0.425126E+01   0.393711E+01   0.360555E+01   0.326428E+01
    0.292207E+01   0.204344E+01
    0.992968E+01   0.100206E+02   0.104885E+02   0.108923E+02   0.112479E+02
    0.115584E+02   0.118257E+02   0.120801E+02   0.123802E+02   0.127525E+02
    0.131691E+02   0.135817E+02   0.139702E+02   0.143369E+02   0.146948E+02
    0.150650E+02   0.154777E+02   0.160053E+02   0.173112E+02   0.169028E+02
    0.182689E+02   0.167199E+02   0.168985E+02   0.153977E+02   0.146720E+02
    0.140834E+02   0.135616E+02   0.130793E+02   0.126226E+02   0.121834E+02
    0.117558E+02   0.113358E+02   0.109223E+02   0.105153E+02   0.101147E+02
    0.972086E+01   0.933499E+01   0.895909E+01   0.859561E+01   0.824667E+01
    0.791468E+01   0.759883E+01   0.729571E+01   0.700494E+01   0.672341E+01
    0.644801E+01   0.617550E+01   0.590234E+01   0.562556E+01   0.534148E+01
    0.504933E+01   0.475028E+01   0.443798E+01   0.410758E+01   0.376678E+01
    0.342446E+01   0.254563E+01
    0.994943E+01   0.100154E+02   0.104668E+02   0.108461E+02   0.111790E+02
    0.114733E+02   0.117289E+02   0.119727E+02   0.122603E+02   0.126156E+02
    0.130106E+02   0.133988E+02   0.137630E+02   0.141053E+02   0.144349E+02
    0.147666E+02   0.151174E+02   0.155166E+02   0.160380E+02   0.173491E+02
    0.169617E+02   0.183169E+02   0.167761E+02   0.169409E+02   0.154571E+02
    0.147343E+02   0.141497E+02   0.136321E+02   0.131537E+02   0.127005E+02
    0.122637E+02   0.118377E+02   0.114202E+02   0.110105E+02   0.106081E+02
    0.102130E+02   0.982623E+01   0.944968E+01   0.908560E+01   0.873599E+01
    0.840290E+01   0.808572E+01   0.778169E+01   0.749010E+01   0.720792E+01
    0.693209E+01   0.665946E+01   0.638653E+01   0.611040E+01   0.582738E+01
    0.553653E+01   0.523878E+01   0.492766E+01   0.459826E+01   0.425815E+01
    0.391615E+01   0.303740E+01
    0.996202E+01   0.100142E+02   0.104487E+02   0.108020E+02   0.111094E+02
    0.113864E+02   0.116328E+02   0.118713E+02   0.121521E+02   0.124943E+02
    0.128697E+02   0.132349E+02   0.135759E+02   0.138964E+02   0.142035E+02
    0.145086E+02   0.148228E+02   0.151616E+02   0.155544E+02   0.160809E+02
    0.173935E+02   0.170212E+02   0.183679E+02   0.168361E+02   0.169865E+02
    0.155225E+02   0.148052E+02   0.142251E+02   0.137112E+02   0.132361E+02
    0.127850E+02   0.123497E+02   0.119261E+02   0.115126E+02   0.111080E+02
    0.107119E+02   0.103251E+02   0.994885E+01   0.958486E+01   0.923475E+01
    0.890011E+01   0.858051E+01   0.827366E+01   0.797874E+01   0.769314E+01
    0.741419E+01   0.713897E+01   0.686412E+01   0.658684E+01   0.630342E+01
    0.601272E+01   0.571543E+01   0.540484E+01   0.507595E+01   0.473624E+01
    0.439447E+01   0.351577E+01
    0.995568E+01   0.100077E+02   0.104342E+02   0.107748E+02   0.110676E+02
    0.113303E+02   0.115639E+02   0.117921E+02   0.120627E+02   0.123905E+02
    0.127457E+02   0.130872E+02   0.134046E+02   0.137037E+02   0.139905E+02
    0.142746E+02   0.145640E+02   0.148678E+02   0.152008E+02   0.155964E+02
    0.161331E+02   0.174359E+02   0.170795E+02   0.184164E+02   0.168952E+02
    0.170281E+02   0.155833E+02   0.148732E+02   0.142980E+02   0.137882E+02
    0.133160E+02   0.128673E+02   0.124349E+02   0.120155E+02   0.116071E+02
    0.112085E+02   0.108200E+02   0.104424E+02   0.100772E+02   0.972556E+01
    0.938883E+01   0.906671E+01   0.875729E+01   0.845966E+01   0.817142E+01
    0.789009E+01   0.761287E+01   0.733644E+01   0.705801E+01   0.677387E+01
    0.648284E+01   0.618553E+01   0.587525E+01   0.554691E+01   0.520781E+01
    0.486650E+01   0.398799E+01
    0.995600E+01   0.100202E+02   0.104380E+02   0.107643E+02   0.110373E+02
    0.112798E+02   0.114999E+02   0.117243E+02   0.119939E+02   0.123124E+02
    0.126482E+02   0.129644E+02   0.132561E+02   0.135324E+02   0.137988E+02
    0.140636E+02   0.143331E+02   0.146130E+02   0.149114E+02   0.152463E+02
    0.156498E+02   0.161933E+02   0.174770E+02   0.171389E+02   0.184646E+02
    0.169544E+02   0.170697E+02   0.156393E+02   0.149369E+02   0.143674E+02
    0.138621E+02   0.133935E+02   0.129489E+02   0.125217E+02   0.121080E+02
    0.117058E+02   0.113146E+02   0.109347E+02   0.105671E+02   0.102128E+02
    0.987308E+01   0.954764E+01   0.923500E+01   0.893420E+01   0.864308E+01
    0.835932E+01   0.808018E+01   0.780240E+01   0.752322E+01   0.723893E+01
    0.694820E+01   0.665142E+01   0.634176E+01   0.601403E+01   0.567540E+01
    0.533438E+01   0.445596E+01
    0.993841E+01   0.100257E+02   0.104427E+02   0.107660E+02   0.110272E+02
    0.112511E+02   0.114563E+02   0.116760E+02   0.119447E+02   0.122547E+02
    0.125721E+02   0.128638E+02   0.131296E+02   0.133825E+02   0.136277E+02
    0.138729E+02   0.141241E+02   0.143851E+02   0.146603E+02   0.149606E+02
    0.153023E+02   0.157123E+02   0.162551E+02   0.175169E+02   0.171978E+02
    0.185128E+02   0.170117E+02   0.171133E+02   0.156898E+02   0.149946E+02
    0.144312E+02   0.139309E+02   0.134677E+02   0.130292E+02   0.126085E+02
    0.122020E+02   0.118080E+02   0.114259E+02   0.110562E+02   0.106998E+02
    0.103574E+02   0.100291E+02   0.971336E+01   0.940933E+01   0.911508E+01
    0.882856E+01   0.854715E+01   0.826769E+01   0.798750E+01   0.770289E+01
    0.741236E+01   0.711595E+01   0.680647E+01   0.647861E+01   0.613960E+01
    0.579811E+01   0.491943E+01
    0.991047E+01   0.100289E+02   0.104476E+02   0.107738E+02   0.110304E+02
    0.112427E+02   0.114360E+02   0.116482E+02   0.119102E+02   0.122087E+02
    0.125084E+02   0.127776E+02   0.130195E+02   0.132495E+02   0.134737E+02
    0.136995E+02   0.139333E+02   0.141782E+02   0.144365E+02   0.147151E+02
    0.150223E+02   0.153702E+02   0.157817E+02   0.163168E+02   0.175594E+02
    0.172569E+02   0.185637E+02   0.170694E+02   0.171633E+02   0.157421E+02
    0.150514E+02   0.144931E+02   0.139984E+02   0.135416E+02   0.131098E+02
    0.126964E+02   0.122979E+02   0.119128E+02   0.115408E+02   0.111824E+02
    0.108382E+02   0.105078E+02   0.101899E+02   0.988363E+01   0.958711E+01
    0.929850E+01   0.901519E+01   0.873401E+01   0.845230E+01   0.816652E+01
    0.787519E+01   0.757825E+01   0.726830E+01   0.693979E+01   0.660001E+01
    0.625782E+01   0.537879E+01
    0.988950E+01   0.100356E+02   0.104476E+02   0.107733E+02   0.110250E+02
    0.112283E+02   0.114126E+02   0.116184E+02   0.118744E+02   0.121629E+02
    0.124473E+02   0.126970E+02   0.129172E+02   0.131262E+02   0.133304E+02
    0.135378E+02   0.137556E+02   0.139867E+02   0.142321E+02   0.144958E+02
    0.147819E+02   0.150952E+02   0.154454E+02   0.158521E+02   0.163750E+02
    0.176056E+02   0.173155E+02   0.186175E+02   0.171260E+02   0.172203E+02
    0.157973E+02   0.151088E+02   0.145546E+02   0.140656E+02   0.136152E+02
    0.131906E+02   0.127854E+02   0.123959E+02   0.120210E+02   0.116606E+02
    0.113146E+02   0.109827E+02   0.106633E+02   0.103551E+02   0.100566E+02
    0.976589E+01   0.948041E+01   0.919690E+01   0.891272E+01   0.862445E+01
    0.833098E+01   0.803246E+01   0.772137E+01   0.739193E+01   0.705139E+01
    0.670866E+01   0.582939E+01
    0.986279E+01   0.100296E+02   0.104341E+02   0.107575E+02   0.110050E+02
    0.112033E+02   0.113830E+02   0.115843E+02   0.118339E+02   0.121124E+02
    0.123832E+02   0.126165E+02   0.128186E+02   0.130093E+02   0.131953E+02
    0.133855E+02   0.135885E+02   0.138075E+02   0.140424E+02   0.142953E+02
    0.145673E+02   0.148595E+02   0.151755E+02   0.155222E+02   0.159190E+02
    0.164287E+02   0.176566E+02   0.173724E+02   0.186743E+02   0.171833E+02
    0.172837E+02   0.158567E+02   0.151694E+02   0.146192E+02   0.141359E+02
    0.136924E+02   0.132759E+02   0.128798E+02   0.125007E+02   0.121376E+02
    0.117898E+02   0.114564E+02   0.111355E+02   0.108256E+02   0.105250E+02
    0.102321E+02   0.994413E+01   0.965784E+01   0.937049E+01   0.907885E+01
    0.878227E+01   0.848130E+01   0.816833E+01   0.783741E+01   0.749572E+01
    0.715221E+01   0.627258E+01
    0.982471E+01   0.100020E+02   0.104009E+02   0.107224E+02   0.109708E+02
    0.111702E+02   0.113458E+02   0.115362E+02   0.117724E+02   0.120388E+02
    0.122986E+02   0.125206E+02   0.127102E+02   0.128876E+02   0.130604E+02
    0.132381E+02   0.134301E+02   0.136397E+02   0.138664E+02   0.141112E+02
    0.143731E+02   0.146511E+02   0.149458E+02   0.152585E+02   0.155965E+02
    0.159811E+02   0.164830E+02   0.177151E+02   0.174310E+02   0.187359E+02
    0.172427E+02   0.173542E+02   0.159238E+02   0.152373E+02   0.146901E+02
    0.142112E+02   0.137731E+02   0.133629E+02   0.129744E+02   0.126048E+02
    0.122527E+02   0.119167E+02   0.115948E+02   0.112848E+02   0.109846E+02
    0.106921E+02   0.104046E+02   0.101183E+02   0.983052E+01   0.953769E+01
    0.923933E+01   0.893635E+01   0.862150E+01   0.828913E+01   0.794660E+01
    0.760281E+01   0.672316E+01
    0.979576E+01   0.996241E+01   0.103747E+02   0.107039E+02   0.109600E+02
    0.111578E+02   0.113152E+02   0.114741E+02   0.116807E+02   0.119297E+02
    0.121807E+02   0.123960E+02   0.125780E+02   0.127473E+02   0.129125E+02
    0.130844E+02   0.132721E+02   0.134777E+02   0.137004E+02   0.139408E+02
    0.141967E+02   0.144652E+02   0.147456E+02   0.150371E+02   0.153417E+02
    0.156681E+02   0.160429E+02   0.165432E+02   0.177825E+02   0.174938E+02
    0.188039E+02   0.173070E+02   0.174320E+02   0.160014E+02   0.153150E+02
    0.147689E+02   0.142923E+02   0.138581E+02   0.134540E+02   0.130746E+02
    0.127170E+02   0.123789E+02   0.120575E+02   0.117499E+02   0.114529E+02
    0.111636E+02   0.108785E+02   0.105935E+02   0.103052E+02   0.100100E+02
    0.970809E+01   0.940155E+01   0.908411E+01   0.875048E+01   0.840788E+01
    0.806474E+01   0.718561E+01
    0.981401E+01   0.996825E+01   0.103809E+02   0.107049E+02   0.109525E+02
    0.111352E+02   0.112691E+02   0.113991E+02   0.115803E+02   0.118144E+02
    0.120581E+02   0.122682E+02   0.124447E+02   0.126078E+02   0.127675E+02
    0.129356E+02   0.131209E+02   0.133244E+02   0.135448E+02   0.137825E+02
    0.140342E+02   0.142961E+02   0.145668E+02   0.148445E+02   0.151290E+02
    0.154237E+02   0.157408E+02   0.161116E+02   0.166154E+02   0.178624E+02
    0.175657E+02   0.188821E+02   0.173815E+02   0.175205E+02   0.160968E+02
    0.154122E+02   0.148681E+02   0.143956E+02   0.139684E+02   0.135750E+02
    0.132092E+02   0.128672E+02   0.125446E+02   0.122377E+02   0.119422E+02
    0.116545E+02   0.113703E+02   0.110852E+02   0.107951E+02   0.104964E+02
    0.101901E+02   0.987939E+01   0.955897E+01   0.922385E+01   0.888104E+01
    0.853852E+01   0.765996E+01
    0.977898E+01   0.992896E+01   0.103348E+02   0.106516E+02   0.108897E+02
    0.110603E+02   0.111801E+02   0.112952E+02   0.114639E+02   0.116905E+02
    0.119303E+02   0.121371E+02   0.123091E+02   0.124671E+02   0.126223E+02
    0.127874E+02   0.129709E+02   0.131732E+02   0.133925E+02   0.136286E+02
    0.138775E+02   0.141348E+02   0.143989E+02   0.146676E+02   0.149396E+02
    0.152155E+02   0.155013E+02   0.158132E+02   0.161843E+02   0.166942E+02
    0.179470E+02   0.176404E+02   0.189643E+02   0.174616E+02   0.176123E+02
    0.162003E+02   0.155221E+02   0.149835E+02   0.145190E+02   0.141033E+02
    0.137243E+02   0.133746E+02   0.130480E+02   0.127393E+02   0.124433E+02
    0.121553E+02   0.118707E+02   0.115846E+02   0.112924E+02   0.109905E+02
    0.106802E+02   0.103658E+02   0.100427E+02   0.970599E+01   0.936270E+01
    0.902052E+01   0.814235E+01
    0.966319E+01   0.982350E+01   0.102248E+02   0.105384E+02   0.107722E+02
    0.109392E+02   0.110586E+02   0.111768E+02   0.113491E+02   0.115768E+02
    0.118153E+02   0.120189E+02   0.121862E+02   0.123386E+02   0.124879E+02
    0.126476E+02   0.128271E+02   0.130266E+02   0.132442E+02   0.134788E+02
    0.137255E+02   0.139794E+02   0.142387E+02   0.145013E+02   0.147651E+02
    0.150293E+02   0.152965E+02   0.155764E+02   0.158864E+02   0.162605E+02
    0.167785E+02   0.180334E+02   0.177175E+02   0.190485E+02   0.175459E+02
    0.177046E+02   0.163060E+02   0.156404E+02   0.151130E+02   0.146614E+02
    0.142606E+02   0.138972E+02   0.135619E+02   0.132472E+02   0.129470E+02
    0.126560E+02   0.123689E+02   0.120804E+02   0.117859E+02   0.114814E+02
    0.111683E+02   0.108513E+02   0.105260E+02   0.101877E+02   0.984334E+01
    0.950075E+01   0.862255E+01
    0.952047E+01   0.968065E+01   0.100751E+02   0.103865E+02   0.106201E+02
    0.107922E+02   0.109257E+02   0.110655E+02   0.112569E+02   0.114931E+02
    0.117314E+02   0.119305E+02   0.120911E+02   0.122356E+02   0.123758E+02
    0.125259E+02   0.126972E+02   0.128912E+02   0.131053E+02   0.133375E+02
    0.135818E+02   0.138327E+02   0.140883E+02   0.143463E+02   0.146043E+02
    0.148606E+02   0.151161E+02   0.153767E+02   0.156531E+02   0.159634E+02
    0.163434E+02   0.168689E+02   0.181212E+02   0.177990E+02   0.191353E+02
    0.176347E+02   0.177971E+02   0.164095E+02   0.157630E+02   0.152516E+02
    0.148158E+02   0.144300E+02   0.140793E+02   0.137536E+02   0.134451E+02
    0.131477E+02   0.128558E+02   0.125638E+02   0.122667E+02   0.119603E+02
    0.116458E+02   0.113276E+02   0.110009E+02   0.106608E+02   0.103148E+02
    0.997099E+01   0.909228E+01
    0.936731E+01   0.951691E+01   0.991034E+01   0.102253E+02   0.104642E+02
    0.106463E+02   0.107981E+02   0.109617E+02   0.111714E+02   0.114139E+02
    0.116501E+02   0.118438E+02   0.119978E+02   0.121349E+02   0.122669E+02
    0.124084E+02   0.125725E+02   0.127615E+02   0.129730E+02   0.132038E+02
    0.134465E+02   0.136953E+02   0.139479E+02   0.142023E+02   0.144559E+02
    0.147066E+02   0.149541E+02   0.152024E+02   0.154584E+02   0.157331E+02
    0.160468E+02   0.164346E+02   0.169640E+02   0.182093E+02   0.178845E+02
    0.192240E+02   0.177260E+02   0.178888E+02   0.165032E+02   0.158789E+02
    0.153856E+02   0.149653E+02   0.145919E+02   0.142504E+02   0.139304E+02
    0.136245E+02   0.133264E+02   0.130299E+02   0.127299E+02   0.124216E+02
    0.121059E+02   0.117866E+02   0.114587E+02   0.111172E+02   0.107697E+02
    0.104248E+02   0.954552E+01
    0.923964E+01   0.935890E+01   0.975167E+01   0.100707E+02   0.103160E+02
    0.105086E+02   0.106775E+02   0.108611E+02   0.110850E+02   0.113318E+02
    0.115661E+02   0.117555E+02   0.119040E+02   0.120352E+02   0.121606E+02
    0.122954E+02   0.124540E+02   0.126396E+02   0.128496E+02   0.130797E+02
    0.133217E+02   0.135689E+02   0.138192E+02   0.140705E+02   0.143206E+02
    0.145670E+02   0.148090E+02   0.150491E+02   0.152921E+02   0.155452E+02
    0.158215E+02   0.161418E+02   0.164920E+02   0.170210E+02   0.182800E+02
    0.179634E+02   0.193044E+02   0.178078E+02   0.179826E+02   0.165859E+02
    0.159839E+02   0.155083E+02   0.151014E+02   0.147375E+02   0.144019E+02
    0.140849E+02   0.137786E+02   0.134764E+02   0.131723E+02   0.128615E+02
    0.125441E+02   0.122235E+02   0.118944E+02   0.115516E+02   0.112029E+02
    0.108570E+02   0.997738E+01
    0.918361E+01   0.923089E+01   0.961617E+01   0.993355E+01   0.101814E+02
    0.103825E+02   0.105658E+02   0.107649E+02   0.109984E+02   0.112472E+02
    0.114792E+02   0.116650E+02   0.118092E+02   0.119357E+02   0.120559E+02
    0.121857E+02   0.123405E+02   0.125240E+02   0.127336E+02   0.129641E+02
    0.132062E+02   0.134525E+02   0.137009E+02   0.139495E+02   0.141965E+02
    0.144393E+02   0.146770E+02   0.149111E+02   0.151452E+02   0.153845E+02
    0.156380E+02   0.159200E+02   0.162242E+02   0.165025E+02   0.170239E+02
    0.183214E+02   0.180276E+02   0.193711E+02   0.178722E+02   0.180809E+02
    0.166567E+02   0.160730E+02   0.156121E+02   0.152156E+02   0.148585E+02
    0.145266E+02   0.142099E+02   0.139003E+02   0.135912E+02   0.132770E+02
    0.129574E+02   0.126352E+02   0.123048E+02   0.119609E+02   0.116112E+02
    0.112645E+02   0.103846E+02
    0.907332E+01   0.907651E+01   0.946548E+01   0.978888E+01   0.100454E+02
    0.102576E+02   0.104543E+02   0.106667E+02   0.109097E+02   0.111626E+02
    0.113948E+02   0.115788E+02   0.117203E+02   0.118434E+02   0.119598E+02
    0.120856E+02   0.122373E+02   0.124192E+02   0.126285E+02   0.128595E+02
    0.131018E+02   0.133474E+02   0.135940E+02   0.138400E+02   0.140838E+02
    0.143234E+02   0.145574E+02   0.147870E+02   0.150149E+02   0.152449E+02
    0.154843E+02   0.157430E+02   0.160329E+02   0.162700E+02   0.162963E+02
    0.168212E+02   0.182755E+02   0.180423E+02   0.193943E+02   0.178879E+02
    0.181910E+02   0.167239E+02   0.161486E+02   0.156954E+02   0.153035E+02
    0.149483E+02   0.146152E+02   0.142939E+02   0.139765E+02   0.136565E+02
    0.133328E+02   0.130078E+02   0.126753E+02   0.123298E+02   0.119789E+02
    0.116317E+02   0.107515E+02
    0.894341E+01   0.892099E+01   0.931256E+01   0.964154E+01   0.990682E+01
    0.101312E+02   0.103423E+02   0.105690E+02   0.108230E+02   0.110824E+02
    0.113184E+02   0.115036E+02   0.116437E+02   0.117633E+02   0.118743E+02
    0.119938E+02   0.121399E+02   0.123185E+02   0.125269E+02   0.127584E+02
    0.130012E+02   0.132466E+02   0.134918E+02   0.137357E+02   0.139771E+02
    0.142139E+02   0.144450E+02   0.146708E+02   0.148936E+02   0.151169E+02
    0.153463E+02   0.155900E+02   0.158563E+02   0.161444E+02   0.161765E+02
    0.161824E+02   0.166761E+02   0.182059E+02   0.180603E+02   0.194244E+02
    0.179063E+02   0.183021E+02   0.167811E+02   0.162082E+02   0.157611E+02
    0.153741E+02   0.150211E+02   0.146868E+02   0.143610E+02   0.140360E+02
    0.137095E+02   0.133828E+02   0.130491E+02   0.127025E+02   0.123505E+02
    0.120022E+02   0.111214E+02
    0.881257E+01   0.878226E+01   0.917714E+01   0.951285E+01   0.978819E+01
    0.100256E+02   0.102507E+02   0.104889E+02   0.107503E+02   0.110133E+02
    0.112497E+02   0.114332E+02   0.115701E+02   0.116863E+02   0.117940E+02
    0.119105E+02   0.120541E+02   0.122313E+02   0.124396E+02   0.126715E+02
    0.129143E+02   0.131588E+02   0.134022E+02   0.136436E+02   0.138821E+02
    0.141161E+02   0.143444E+02   0.145673E+02   0.147867E+02   0.150057E+02
    0.152291E+02   0.154634E+02   0.157148E+02   0.159878E+02   0.162309E+02
    0.160018E+02   0.160006E+02   0.164862E+02   0.180928E+02   0.180668E+02
    0.194510E+02   0.179160E+02   0.184186E+02   0.168152E+02   0.162328E+02
    0.157968E+02   0.154120E+02   0.150748E+02   0.147348E+02   0.144003E+02
    0.140673E+02   0.137361E+02   0.133991E+02   0.130502E+02   0.126966E+02
    0.123470E+02   0.114657E+02
    0.866006E+01   0.861619E+01   0.900974E+01   0.934900E+01   0.963348E+01
    0.988388E+01   0.101211E+02   0.103673E+02   0.106338E+02   0.109013E+02
    0.111414E+02   0.113268E+02   0.114641E+02   0.115806E+02   0.116899E+02
    0.118104E+02   0.119591E+02   0.121405E+02   0.123516E+02   0.125856E+02
    0.128295E+02   0.130738E+02   0.133159E+02   0.135553E+02   0.137917E+02
    0.140238E+02   0.142503E+02   0.144711E+02   0.146881E+02   0.149039E+02
    0.151232E+02   0.153517E+02   0.155723E+02   0.158065E+02   0.160802E+02
    0.162292E+02   0.158048E+02   0.159691E+02   0.163788E+02   0.179508E+02
    0.180783E+02   0.194903E+02   0.179326E+02   0.185440E+02   0.168463E+02
    0.162603E+02   0.158095E+02   0.153978E+02   0.150682E+02   0.147171E+02
    0.143724E+02   0.140579E+02   0.137367E+02   0.133845E+02   0.130293E+02
    0.126791E+02   0.117976E+02
    0.847593E+01   0.842416E+01   0.882296E+01   0.917390E+01   0.947524E+01
    0.974337E+01   0.999364E+01   0.102452E+02   0.105125E+02   0.107811E+02
    0.110235E+02   0.112106E+02   0.113490E+02   0.114669E+02   0.115799E+02
    0.117070E+02   0.118636E+02   0.120515E+02   0.122675E+02   0.125046E+02
    0.127036E+02   0.129482E+02   0.131895E+02   0.134273E+02   0.136619E+02
    0.138924E+02   0.141358E+02   0.143834E+02   0.145986E+02   0.148122E+02
    0.150288E+02   0.152537E+02   0.154760E+02   0.156356E+02   0.158270E+02
    0.160912E+02   0.160493E+02   0.156402E+02   0.158701E+02   0.163989E+02
    0.179308E+02   0.180793E+02   0.195231E+02   0.179406E+02   0.186107E+02
    0.167484E+02   0.161656E+02   0.157120E+02   0.152548E+02   0.149791E+02
    0.146166E+02   0.142648E+02   0.139837E+02   0.136836E+02   0.133253E+02
    0.129731E+02   0.120907E+02
    0.831666E+01   0.823556E+01   0.864102E+01   0.900629E+01   0.932907E+01
    0.961740E+01   0.988077E+01   0.101375E+02   0.104062E+02   0.106773E+02
    0.109233E+02   0.111133E+02   0.112537E+02   0.113736E+02   0.114905E+02
    0.116239E+02   0.117875E+02   0.119810E+02   0.122008E+02   0.124402E+02
    0.126867E+02   0.128107E+02   0.130509E+02   0.132872E+02   0.135201E+02
    0.137491E+02   0.139730E+02   0.142548E+02   0.145262E+02   0.147384E+02
    0.149531E+02   0.151751E+02   0.154079E+02   0.156216E+02   0.155999E+02
    0.156050E+02   0.158490E+02   0.157749E+02   0.157532E+02   0.160926E+02
    0.166602E+02   0.182671E+02   0.181762E+02   0.196511E+02   0.180454E+02
    0.187311E+02   0.168552E+02   0.163194E+02   0.156947E+02   0.150512E+02
    0.146647E+02   0.142937E+02   0.139303E+02   0.138150E+02   0.136283E+02
    0.132725E+02   0.123884E+02
    0.811593E+01   0.803903E+01   0.846325E+01   0.885531E+01   0.920733E+01
    0.951835E+01   0.979412E+01   0.100548E+02   0.103248E+02   0.105991E+02
    0.108496E+02   0.110434E+02   0.111859E+02   0.113074E+02   0.114264E+02
    0.115631E+02   0.117303E+02   0.119269E+02   0.121490E+02   0.123900E+02
    0.126372E+02   0.128816E+02   0.128024E+02   0.130370E+02   0.132682E+02
    0.134957E+02   0.137184E+02   0.139356E+02   0.143171E+02   0.146780E+02
    0.148915E+02   0.151121E+02   0.153426E+02   0.155821E+02   0.157496E+02
    0.154695E+02   0.153311E+02   0.155457E+02   0.154264E+02   0.157288E+02
    0.162800E+02   0.168720E+02   0.186712E+02   0.182696E+02   0.197720E+02
    0.181473E+02   0.187281E+02   0.168573E+02   0.162928E+02   0.156228E+02
    0.149010E+02   0.144561E+02   0.140736E+02   0.136957E+02   0.136606E+02
    0.134931E+02   0.126062E+02
    0.792793E+01   0.788867E+01   0.834002E+01   0.876076E+01   0.913762E+01
    0.946453E+01   0.974754E+01   0.100105E+02   0.102822E+02   0.105593E+02
    0.108129E+02   0.110085E+02   0.111513E+02   0.112725E+02   0.113915E+02
    0.115284E+02   0.116959E+02   0.118930E+02   0.121160E+02   0.123579E+02
    0.125924E+02   0.128033E+02   0.130416E+02   0.130336E+02   0.132660E+02
    0.135230E+02   0.137692E+02   0.139852E+02   0.141970E+02   0.145788E+02
    0.148488E+02   0.150686E+02   0.152976E+02   0.155274E+02   0.157263E+02
    0.159274E+02   0.155520E+02   0.152586E+02   0.154417E+02   0.153653E+02
    0.158588E+02   0.165035E+02   0.171530E+02   0.190324E+02   0.185058E+02
    0.200304E+02   0.183931E+02   0.190132E+02   0.172412E+02   0.166162E+02
    0.159318E+02   0.152106E+02   0.147100E+02   0.143126E+02   0.139277E+02
    0.138930E+02   0.131734E+02
    0.777177E+01   0.777452E+01   0.825397E+01   0.869744E+01   0.908790E+01
    0.942089E+01   0.970700E+01   0.997289E+01   0.102482E+02   0.105284E+02
    0.107843E+02   0.109811E+02   0.111239E+02   0.112448E+02   0.113632E+02
    0.114994E+02   0.116663E+02   0.118634E+02   0.120872E+02   0.123301E+02
    0.125322E+02   0.127413E+02   0.128874E+02   0.131194E+02   0.132330E+02
    0.134644E+02   0.137601E+02   0.140331E+02   0.142465E+02   0.144829E+02
    0.147705E+02   0.150148E+02   0.152420E+02   0.154821E+02   0.156958E+02
    0.157871E+02   0.159717E+02   0.154938E+02   0.150255E+02   0.151700E+02
    0.151436E+02   0.156951E+02   0.164063E+02   0.172245E+02   0.191245E+02
    0.186181E+02   0.201569E+02   0.185137E+02   0.191884E+02   0.175800E+02
    0.168426E+02   0.162382E+02   0.155912E+02   0.150905E+02   0.146849E+02
    0.143005E+02   0.136452E+02
    0.763476E+01   0.767697E+01   0.818006E+01   0.863961E+01   0.903698E+01
    0.937241E+01   0.966152E+01   0.993230E+01   0.102130E+02   0.104974E+02
    0.107559E+02   0.109541E+02   0.110975E+02   0.112181E+02   0.113351E+02
    0.114684E+02   0.116322E+02   0.118276E+02   0.120514E+02   0.122954E+02
    0.125453E+02   0.126697E+02   0.128014E+02   0.127138E+02   0.129408E+02
    0.131239E+02   0.133674E+02   0.138281E+02   0.142028E+02   0.143790E+02
    0.146431E+02   0.149036E+02   0.151200E+02   0.153497E+02   0.155954E+02
    0.157595E+02   0.155370E+02   0.156924E+02   0.152420E+02   0.149145E+02
    0.150595E+02   0.151493E+02   0.156898E+02   0.164345E+02   0.173640E+02
    0.191664E+02   0.186722E+02   0.202172E+02   0.185764E+02   0.192482E+02
    0.177959E+02   0.170128E+02   0.164109E+02   0.158571E+02   0.154182E+02
    0.150103E+02   0.141023E+02
    0.752931E+01   0.760181E+01   0.812632E+01   0.859998E+01   0.900154E+01
    0.933723E+01   0.962786E+01   0.990234E+01   0.101870E+02   0.104736E+02
    0.107335E+02   0.109330E+02   0.110770E+02   0.111976E+02   0.113136E+02
    0.114433E+02   0.116019E+02   0.117932E+02   0.120146E+02   0.122580E+02
    0.124616E+02   0.127070E+02   0.125915E+02   0.126886E+02   0.124830E+02
    0.127051E+02   0.129223E+02   0.131682E+02   0.137000E+02   0.141100E+02
    0.142130E+02   0.146044E+02   0.148944E+02   0.151187E+02   0.153629E+02
    0.156319E+02   0.157595E+02   0.152498E+02   0.152919E+02   0.150215E+02
    0.149629E+02   0.151108E+02   0.152806E+02   0.158588E+02   0.166398E+02
    0.175938E+02   0.192415E+02   0.186815E+02   0.202185E+02   0.186000E+02
    0.191346E+02   0.177716E+02   0.169677E+02   0.163502E+02   0.158086E+02
    0.154167E+02   0.144901E+02
    0.743529E+01   0.755162E+01   0.810670E+01   0.859764E+01   0.899803E+01
    0.932417E+01   0.960636E+01   0.987563E+01   0.101567E+02   0.104411E+02
    0.107008E+02   0.108995E+02   0.110406E+02   0.111575E+02   0.112691E+02
    0.113941E+02   0.115492E+02   0.117391E+02   0.119608E+02   0.122049E+02
    0.124089E+02   0.125274E+02   0.127645E+02   0.126703E+02   0.127385E+02
    0.124395E+02   0.126549E+02   0.128643E+02   0.131118E+02   0.137057E+02
    0.141534E+02   0.140015E+02   0.143413E+02   0.146961E+02   0.149885E+02
    0.152982E+02   0.155951E+02   0.156943E+02   0.149787E+02   0.149881E+02
    0.151877E+02   0.153280E+02   0.154863E+02   0.156952E+02   0.162090E+02
    0.169924E+02   0.179325E+02   0.194091E+02   0.187996E+02   0.202983E+02
    0.187275E+02   0.191348E+02   0.178761E+02   0.170758E+02   0.164190E+02
    0.159036E+02   0.151337E+02
    0.738365E+01   0.751186E+01   0.806023E+01   0.854704E+01   0.895374E+01
    0.929333E+01   0.958913E+01   0.986829E+01   0.101547E+02   0.104402E+02
    0.106982E+02   0.108949E+02   0.110347E+02   0.111506E+02   0.112613E+02
    0.113854E+02   0.115391E+02   0.117273E+02   0.119474E+02   0.121902E+02
    0.123933E+02   0.125114E+02   0.123403E+02   0.125705E+02   0.124658E+02
    0.125545E+02   0.123173E+02   0.125266E+02   0.127304E+02   0.129680E+02
    0.135074E+02   0.139600E+02   0.137301E+02   0.141380E+02   0.146445E+02
    0.151248E+02   0.155546E+02   0.158432E+02   0.159237E+02   0.151877E+02
    0.151825E+02   0.156020E+02   0.157931E+02   0.159708E+02   0.161452E+02
    0.165322E+02   0.173207E+02   0.181365E+02   0.194475E+02   0.189241E+02
    0.203751E+02   0.188636E+02   0.191531E+02   0.179761E+02   0.171782E+02
    0.164528E+02   0.153304E+02
  
 log(Bij)/0.360:
    0.160387E+02   0.158357E+02   0.162985E+02   0.167681E+02   0.172556E+02
    0.178455E+02   0.193119E+02   0.186772E+02   0.201802E+02   0.184812E+02
    0.189126E+02   0.173567E+02   0.166346E+02   0.160625E+02   0.155496E+02
    0.150682E+02   0.146115E+02   0.141825E+02   0.137880E+02   0.134335E+02
    0.131071E+02   0.127880E+02   0.124732E+02   0.121660E+02   0.118678E+02
    0.115765E+02   0.112868E+02   0.109908E+02   0.106801E+02   0.103483E+02
    0.999305E+01   0.961646E+01   0.922471E+01   0.882507E+01   0.842072E+01
    0.801333E+01   0.760715E+01   0.720859E+01   0.682515E+01   0.646327E+01
    0.612793E+01   0.581726E+01   0.552377E+01   0.524422E+01   0.497254E+01
    0.470235E+01   0.442643E+01   0.413693E+01   0.382661E+01   0.349169E+01
    0.313977E+01   0.278362E+01   0.242321E+01   0.205600E+01   0.169235E+01
    0.134202E+01   0.463035E+00
    0.157708E+02   0.154800E+02   0.159169E+02   0.163556E+02   0.167894E+02
    0.172469E+02   0.178290E+02   0.193246E+02   0.186438E+02   0.201970E+02
    0.185140E+02   0.189632E+02   0.174095E+02   0.166674E+02   0.160681E+02
    0.155286E+02   0.150252E+02   0.145542E+02   0.141224E+02   0.137386E+02
    0.133892E+02   0.130493E+02   0.127153E+02   0.123906E+02   0.120763E+02
    0.117704E+02   0.114678E+02   0.111610E+02   0.108414E+02   0.105025E+02
    0.101418E+02   0.976106E+01   0.936617E+01   0.896417E+01   0.855811E+01
    0.814963E+01   0.774287E+01   0.734405E+01   0.696047E+01   0.659838E+01
    0.626410E+01   0.595463E+01   0.565996E+01   0.537926E+01   0.510660E+01
    0.483572E+01   0.455956E+01   0.427042E+01   0.396125E+01   0.362830E+01
    0.327896E+01   0.292547E+01   0.256738E+01   0.220197E+01   0.183945E+01
    0.148952E+01   0.610561E+00
    0.156373E+02   0.152768E+02   0.156924E+02   0.161052E+02   0.165020E+02
    0.168911E+02   0.173054E+02   0.178639E+02   0.193027E+02   0.186904E+02
    0.202050E+02   0.185891E+02   0.189422E+02   0.174268E+02   0.166808E+02
    0.160715E+02   0.155270E+02   0.150247E+02   0.145632E+02   0.141516E+02
    0.137781E+02   0.134165E+02   0.130629E+02   0.127200E+02   0.123887E+02
    0.120673E+02   0.117509E+02   0.114323E+02   0.111032E+02   0.107572E+02
    0.103915E+02   0.100073E+02   0.961005E+01   0.920630E+01   0.879889E+01
    0.838937E+01   0.798172E+01   0.758200E+01   0.719734E+01   0.683398E+01
    0.649919E+01   0.618941E+01   0.589318E+01   0.561121E+01   0.533761E+01
    0.506622E+01   0.479007E+01   0.450165E+01   0.419409E+01   0.386365E+01
    0.351727E+01   0.316644E+01   0.281017E+01   0.244561E+01   0.208312E+01
    0.173271E+01   0.853386E+00
    0.155968E+02   0.151793E+02   0.155777E+02   0.159714E+02   0.163436E+02
    0.166907E+02   0.170199E+02   0.173834E+02   0.179153E+02   0.192645E+02
    0.187858E+02   0.202124E+02   0.186693E+02   0.188888E+02   0.174214E+02
    0.166844E+02   0.160855E+02   0.155541E+02   0.150710E+02   0.146372E+02
    0.142415E+02   0.138599E+02   0.134878E+02   0.131274E+02   0.127796E+02
    0.124429E+02   0.121127E+02   0.117822E+02   0.114434E+02   0.110901E+02
    0.107192E+02   0.103314E+02   0.993169E+01   0.952603E+01   0.911706E+01
    0.870620E+01   0.829727E+01   0.789619E+01   0.751006E+01   0.714515E+01
    0.680872E+01   0.649775E+01   0.620138E+01   0.591978E+01   0.564682E+01
    0.537627E+01   0.510130E+01   0.481465E+01   0.450954E+01   0.418203E+01
    0.383837E+01   0.348940E+01   0.313409E+01   0.276997E+01   0.240766E+01
    0.205725E+01   0.117788E+01
    0.155657E+02   0.150862E+02   0.154649E+02   0.158403E+02   0.161924E+02
    0.165089E+02   0.167841E+02   0.170502E+02   0.173950E+02   0.179342E+02
    0.192421E+02   0.188534E+02   0.202209E+02   0.187191E+02   0.188491E+02
    0.174119E+02   0.166867E+02   0.160982E+02   0.155816E+02   0.151213E+02
    0.147021E+02   0.143002E+02   0.139101E+02   0.135329E+02   0.131693E+02
    0.128179E+02   0.124745E+02   0.121323E+02   0.117839E+02   0.114235E+02
    0.110474E+02   0.106560E+02   0.102535E+02   0.984544E+01   0.943421E+01
    0.902104E+01   0.860969E+01   0.820602E+01   0.781720E+01   0.744969E+01
    0.711074E+01   0.679784E+01   0.650070E+01   0.621892E+01   0.594616E+01
    0.567602E+01   0.540174E+01   0.511615E+01   0.481250E+01   0.448664E+01
    0.414434E+01   0.379596E+01   0.344047E+01   0.307572E+01   0.271272E+01
    0.236182E+01   0.148222E+01
    0.155414E+02   0.149960E+02   0.153496E+02   0.157039E+02   0.160357E+02
    0.163257E+02   0.165605E+02   0.167654E+02   0.170172E+02   0.173929E+02
    0.179504E+02   0.192307E+02   0.189025E+02   0.202274E+02   0.187446E+02
    0.188206E+02   0.174016E+02   0.166852E+02   0.161079E+02   0.156092E+02
    0.151611E+02   0.147366E+02   0.143276E+02   0.139337E+02   0.135550E+02
    0.131897E+02   0.128338E+02   0.124807E+02   0.121235E+02   0.117565E+02
    0.113759E+02   0.109815E+02   0.105766E+02   0.101666E+02   0.975349E+01
    0.933830E+01   0.892467E+01   0.851845E+01   0.812681E+01   0.775643E+01
    0.741473E+01   0.709964E+01   0.680126E+01   0.651886E+01   0.624590E+01
    0.597587E+01   0.570211E+01   0.541759E+01   0.511562E+01   0.479185E+01
    0.445143E+01   0.410403E+01   0.374843E+01   0.338276E+01   0.301858E+01
    0.266669E+01   0.178660E+01
    0.155022E+02   0.148870E+02   0.152144E+02   0.155451E+02   0.158550E+02
    0.161194E+02   0.163201E+02   0.164803E+02   0.166756E+02   0.169744E+02
    0.173912E+02   0.179540E+02   0.192150E+02   0.189192E+02   0.202202E+02
    0.187453E+02   0.187927E+02   0.173787E+02   0.166712E+02   0.161073E+02
    0.156175E+02   0.151638E+02   0.147324E+02   0.143203E+02   0.139259E+02
    0.135469E+02   0.131789E+02   0.128155E+02   0.124500E+02   0.120772E+02
    0.116932E+02   0.112968E+02   0.108907E+02   0.104797E+02   0.100654E+02
    0.964871E+01   0.923320E+01   0.882452E+01   0.842990E+01   0.805625E+01
    0.771139E+01   0.739389E+01   0.709424E+01   0.681144E+01   0.653871E+01
    0.626942E+01   0.599713E+01   0.571516E+01   0.541701E+01   0.509806E+01
    0.476230E+01   0.441809E+01   0.406377E+01   0.369781E+01   0.333258E+01
    0.297948E+01   0.209866E+01
    0.154601E+02   0.147817E+02   0.150833E+02   0.153879E+02   0.156709E+02
    0.159052E+02   0.160709E+02   0.161913E+02   0.163428E+02   0.165923E+02
    0.169416E+02   0.173731E+02   0.179276E+02   0.191709E+02   0.189004E+02
    0.201847E+02   0.187170E+02   0.187434E+02   0.173324E+02   0.166380E+02
    0.160829E+02   0.155898E+02   0.151317E+02   0.146996E+02   0.142891E+02
    0.138965E+02   0.135167E+02   0.131432E+02   0.127696E+02   0.123910E+02
    0.120034E+02   0.116048E+02   0.111978E+02   0.107862E+02   0.103716E+02
    0.995479E+01   0.953905E+01   0.912979E+01   0.873407E+01   0.835879E+01
    0.801151E+01   0.769140E+01   0.738993E+01   0.710557E+01   0.683164E+01
    0.656167E+01   0.628949E+01   0.600872E+01   0.571309E+01   0.539788E+01
    0.506616E+01   0.472510E+01   0.437232E+01   0.400628E+01   0.363991E+01
    0.328531E+01   0.240361E+01
    0.154421E+02   0.147170E+02   0.149972E+02   0.152771E+02   0.155309E+02
    0.157318E+02   0.158619E+02   0.159463E+02   0.160605E+02   0.162704E+02
    0.165749E+02   0.169426E+02   0.173676E+02   0.179048E+02   0.191300E+02
    0.188886E+02   0.201563E+02   0.186982E+02   0.187040E+02   0.173015E+02
    0.166180E+02   0.160631E+02   0.155689E+02   0.151130E+02   0.146850E+02
    0.142783E+02   0.138865E+02   0.135028E+02   0.131210E+02   0.127364E+02
    0.123446E+02   0.119437E+02   0.115355E+02   0.111236E+02   0.107092E+02
    0.102932E+02   0.987860E+01   0.947040E+01   0.907526E+01   0.869977E+01
    0.835051E+01   0.802713E+01   0.772258E+01   0.743459E+01   0.715709E+01
    0.688413E+01   0.660985E+01   0.632811E+01   0.603297E+01   0.571983E+01
    0.539115E+01   0.505298E+01   0.470184E+01   0.433566E+01   0.396773E+01
    0.361109E+01   0.272819E+01
    0.154610E+02   0.147077E+02   0.149672E+02   0.152221E+02   0.154452E+02
    0.156138E+02   0.157134E+02   0.157704E+02   0.158571E+02   0.160358E+02
    0.163057E+02   0.166326E+02   0.169949E+02   0.174027E+02   0.179224E+02
    0.191270E+02   0.189167E+02   0.201682E+02   0.187238E+02   0.187063E+02
    0.173141E+02   0.166330E+02   0.160799E+02   0.155904E+02   0.151406E+02
    0.147182E+02   0.143140E+02   0.139203E+02   0.135304E+02   0.131394E+02
    0.127430E+02   0.123394E+02   0.119300E+02   0.115181E+02   0.111050E+02
    0.106915E+02   0.102801E+02   0.987504E+01   0.948232E+01   0.910793E+01
    0.875740E+01   0.843085E+01   0.812273E+01   0.783009E+01   0.754768E+01
    0.727037E+01   0.699269E+01   0.670875E+01   0.641297E+01   0.610085E+01
    0.577429E+01   0.543815E+01   0.508776E+01   0.472043E+01   0.434991E+01
    0.399035E+01   0.310582E+01
    0.155109E+02   0.147309E+02   0.149685E+02   0.151994E+02   0.153937E+02
    0.155342E+02   0.156105E+02   0.156485E+02   0.157145E+02   0.158668E+02
    0.161073E+02   0.164036E+02   0.167278E+02   0.170735E+02   0.174639E+02
    0.179672E+02   0.191498E+02   0.189691E+02   0.202090E+02   0.187827E+02
    0.187399E+02   0.173507E+02   0.166715E+02   0.161234E+02   0.156398E+02
    0.151949E+02   0.147745E+02   0.143686E+02   0.139693E+02   0.135709E+02
    0.131690E+02   0.127617E+02   0.123502E+02   0.119374E+02   0.115248E+02
    0.111129E+02   0.107040E+02   0.103019E+02   0.991192E+01   0.953936E+01
    0.918873E+01   0.886017E+01   0.854925E+01   0.825275E+01   0.796617E+01
    0.768503E+01   0.740403E+01   0.711730E+01   0.681955E+01   0.650671E+01
    0.618083E+01   0.584633E+01   0.549758E+01   0.513087E+01   0.475966E+01
    0.439861E+01   0.351313E+01
    0.155757E+02   0.147674E+02   0.149849E+02   0.151946E+02   0.153657E+02
    0.154838E+02   0.155386E+02   0.155553E+02   0.155990E+02   0.157267E+02
    0.159417E+02   0.162130E+02   0.165100E+02   0.168185E+02   0.171457E+02
    0.175177E+02   0.180020E+02   0.191648E+02   0.190170E+02   0.202458E+02
    0.188422E+02   0.187664E+02   0.173813E+02   0.167052E+02   0.161625E+02
    0.156837E+02   0.152418E+02   0.148217E+02   0.144133E+02   0.140094E+02
    0.136046E+02   0.131961E+02   0.127844E+02   0.123719E+02   0.119595E+02
    0.115479E+02   0.111394E+02   0.107376E+02   0.103476E+02   0.997460E+01
    0.962259E+01   0.929174E+01   0.897838E+01   0.867932E+01   0.839053E+01
    0.810791E+01   0.782626E+01   0.753977E+01   0.724369E+01   0.693437E+01
    0.661339E+01   0.628385E+01   0.593844E+01   0.557225E+01   0.519896E+01
    0.483451E+01   0.394688E+01
    0.156482E+02   0.148182E+02   0.150224E+02   0.152116E+02   0.153586E+02
    0.154537E+02   0.154887E+02   0.154887E+02   0.155169E+02   0.156266E+02
    0.158201E+02   0.160678E+02   0.163393E+02   0.166176E+02   0.169029E+02
    0.172075E+02   0.175587E+02   0.180275E+02   0.191842E+02   0.190743E+02
    0.202862E+02   0.188940E+02   0.187954E+02   0.174159E+02   0.167422E+02
    0.162034E+02   0.157278E+02   0.152871E+02   0.148656E+02   0.144533E+02
    0.140436E+02   0.136324E+02   0.132194E+02   0.128061E+02   0.123933E+02
    0.119815E+02   0.115729E+02   0.111708E+02   0.107803E+02   0.104062E+02
    0.100520E+02   0.971823E+01   0.940172E+01   0.909955E+01   0.880815E+01
    0.852373E+01   0.824117E+01   0.795468E+01   0.765994E+01   0.735358E+01
    0.703674E+01   0.671145E+01   0.636916E+01   0.600409E+01   0.562994E+01
    0.526350E+01   0.437468E+01
    0.157143E+02   0.148603E+02   0.150563E+02   0.152293E+02   0.153559E+02
    0.154300E+02   0.154451E+02   0.154270E+02   0.154377E+02   0.155280E+02
    0.156993E+02   0.159238E+02   0.161722E+02   0.164258E+02   0.166808E+02
    0.169434E+02   0.172284E+02   0.175665E+02   0.180299E+02   0.191858E+02
    0.191086E+02   0.203050E+02   0.189208E+02   0.188054E+02   0.174354E+02
    0.167617E+02   0.162249E+02   0.157509E+02   0.153098E+02   0.148863E+02
    0.144702E+02   0.140558E+02   0.136413E+02   0.132275E+02   0.128142E+02
    0.124021E+02   0.119930E+02   0.115899E+02   0.111978E+02   0.108214E+02
    0.104644E+02   0.101274E+02   0.980794E+01   0.950305E+01   0.920945E+01
    0.892361E+01   0.864055E+01   0.835464E+01   0.806180E+01   0.775865E+01
    0.744544E+01   0.712291E+01   0.678150E+01   0.641516E+01   0.603832E+01
    0.566910E+01   0.477893E+01
    0.157778E+02   0.149010E+02   0.150908E+02   0.152482E+02   0.153539E+02
    0.154058E+02   0.154014E+02   0.153678E+02   0.153649E+02   0.154384E+02
    0.155882E+02   0.157890E+02   0.160140E+02   0.162444E+02   0.164737E+02
    0.167050E+02   0.169482E+02   0.172217E+02   0.175556E+02   0.180200E+02
    0.191729E+02   0.191223E+02   0.203079E+02   0.189323E+02   0.188053E+02
    0.174454E+02   0.167705E+02   0.162338E+02   0.157592E+02   0.153168E+02
    0.148901E+02   0.144702E+02   0.140530E+02   0.136380E+02   0.132245E+02
    0.128124E+02   0.124034E+02   0.120000E+02   0.116067E+02   0.112282E+02
    0.108680E+02   0.105271E+02   0.102034E+02   0.989411E+01   0.959646E+01
    0.930735E+01   0.902205E+01   0.873509E+01   0.844263E+01   0.814117E+01
    0.783010E+01   0.750890E+01   0.716703E+01   0.679824E+01   0.641796E+01
    0.604583E+01   0.515437E+01
    0.158400E+02   0.149352E+02   0.151171E+02   0.152601E+02   0.153475E+02
    0.153810E+02   0.153613E+02   0.153161E+02   0.153019E+02   0.153599E+02
    0.154895E+02   0.156679E+02   0.158710E+02   0.160803E+02   0.162884E+02
    0.164969E+02   0.167134E+02   0.169507E+02   0.172254E+02   0.175630E+02
    0.180319E+02   0.191936E+02   0.191452E+02   0.203341E+02   0.189576E+02
    0.188440E+02   0.174872E+02   0.168071E+02   0.162663E+02   0.157883E+02
    0.153414E+02   0.149098E+02   0.144863E+02   0.140680E+02   0.136532E+02
    0.132410E+02   0.128324E+02   0.124295E+02   0.120362E+02   0.116570E+02
    0.112955E+02   0.109528E+02   0.106272E+02   0.103159E+02   0.100163E+02
    0.972550E+01   0.943893E+01   0.915116E+01   0.885834E+01   0.855688E+01
    0.824587E+01   0.792445E+01   0.758200E+01   0.721237E+01   0.683136E+01
    0.645902E+01   0.556757E+01
    0.158917E+02   0.149735E+02   0.151491E+02   0.152770E+02   0.153392E+02
    0.153467E+02   0.153114E+02   0.152636E+02   0.152500E+02   0.153007E+02
    0.154133E+02   0.155694E+02   0.157492E+02   0.159370E+02   0.161244E+02
    0.163116E+02   0.165060E+02   0.167180E+02   0.169583E+02   0.172379E+02
    0.175781E+02   0.180544E+02   0.192303E+02   0.191727E+02   0.203710E+02
    0.189899E+02   0.188996E+02   0.175491E+02   0.168633E+02   0.163179E+02
    0.158350E+02   0.153838E+02   0.149501E+02   0.145275E+02   0.141123E+02
    0.137024E+02   0.132975E+02   0.128986E+02   0.125089E+02   0.121321E+02
    0.117712E+02   0.114273E+02   0.110984E+02   0.107824E+02   0.104774E+02
    0.101814E+02   0.989031E+01   0.959884E+01   0.930357E+01   0.900125E+01
    0.869069E+01   0.837021E+01   0.802806E+01   0.765729E+01   0.727412E+01
    0.689968E+01   0.600716E+01
    0.159227E+02   0.149976E+02   0.151725E+02   0.152939E+02   0.153409E+02
    0.153282E+02   0.152766E+02   0.152204E+02   0.152018E+02   0.152435E+02
    0.153411E+02   0.154785E+02   0.156391E+02   0.158086E+02   0.159783E+02
    0.161478E+02   0.163245E+02   0.165182E+02   0.167365E+02   0.169841E+02
    0.172665E+02   0.176094E+02   0.180999E+02   0.192899E+02   0.192145E+02
    0.204241E+02   0.190355E+02   0.189708E+02   0.176311E+02   0.169402E+02
    0.163898E+02   0.159024E+02   0.154489E+02   0.150161E+02   0.145968E+02
    0.141869E+02   0.137845E+02   0.133894E+02   0.130039E+02   0.126312E+02
    0.122737E+02   0.119318E+02   0.116035E+02   0.112865E+02   0.109795E+02
    0.106811E+02   0.103873E+02   0.100929E+02   0.979461E+01   0.948958E+01
    0.917702E+01   0.885541E+01   0.851258E+01   0.814102E+01   0.775669E+01
    0.738106E+01   0.648788E+01
    0.159401E+02   0.150091E+02   0.151814E+02   0.152975E+02   0.153339E+02
    0.153075E+02   0.152439E+02   0.151799E+02   0.151546E+02   0.151864E+02
    0.152702E+02   0.153915E+02   0.155355E+02   0.156891E+02   0.158428E+02
    0.159962E+02   0.161572E+02   0.163360E+02   0.165387E+02   0.167666E+02
    0.170179E+02   0.173014E+02   0.176536E+02   0.181632E+02   0.193589E+02
    0.192635E+02   0.204836E+02   0.190894E+02   0.190451E+02   0.177229E+02
    0.170264E+02   0.164715E+02   0.159822E+02   0.155301E+02   0.151012E+02
    0.146877E+02   0.142855E+02   0.138930E+02   0.135114E+02   0.131433E+02
    0.127902E+02   0.124520E+02   0.121263E+02   0.118108E+02   0.115043E+02
    0.112055E+02   0.109106E+02   0.106144E+02   0.103134E+02   0.100051E+02
    0.968941E+01   0.936543E+01   0.902115E+01   0.864864E+01   0.826344E+01
    0.788688E+01   0.699315E+01
    0.159523E+02   0.150180E+02   0.151817E+02   0.152898E+02   0.153164E+02
    0.152797E+02   0.152079E+02   0.151386E+02   0.151080E+02   0.151312E+02
    0.152030E+02   0.153099E+02   0.154388E+02   0.155776E+02   0.157170E+02
    0.158569E+02   0.160061E+02   0.161743E+02   0.163662E+02   0.165809E+02
    0.168129E+02   0.170636E+02   0.173525E+02   0.177190E+02   0.182442E+02
    0.194371E+02   0.193252E+02   0.205520E+02   0.191555E+02   0.191215E+02
    0.178219E+02   0.171191E+02   0.165610E+02   0.160726E+02   0.156246E+02
    0.152024E+02   0.147979E+02   0.144070E+02   0.140293E+02   0.136661E+02
    0.133181E+02   0.129844E+02   0.126624E+02   0.123491E+02   0.120435E+02
    0.117442E+02   0.114474E+02   0.111475E+02   0.108407E+02   0.105243E+02
    0.101996E+02   0.986799E+01   0.951893E+01   0.914476E+01   0.876017E+01
    0.838525E+01   0.749262E+01
    0.159507E+02   0.150153E+02   0.151707E+02   0.152729E+02   0.152941E+02
    0.152518E+02   0.151735E+02   0.150965E+02   0.150573E+02   0.150717E+02
    0.151340E+02   0.152305E+02   0.153482E+02   0.154754E+02   0.156034E+02
    0.157329E+02   0.158734E+02   0.160342E+02   0.162188E+02   0.164249E+02
    0.166451E+02   0.168767E+02   0.171314E+02   0.174318E+02   0.178120E+02
    0.183487E+02   0.195332E+02   0.194084E+02   0.206374E+02   0.192414E+02
    0.192069E+02   0.179381E+02   0.172339E+02   0.166766E+02   0.161918E+02
    0.157495E+02   0.153345E+02   0.149390E+02   0.145604E+02   0.141983E+02
    0.138526E+02   0.135217E+02   0.132026E+02   0.128921E+02   0.125885E+02
    0.122903E+02   0.119933E+02   0.116919E+02   0.113814E+02   0.110588E+02
    0.107266E+02   0.103884E+02   0.100355E+02   0.966099E+01   0.927872E+01
    0.890703E+01   0.801630E+01
    0.159253E+02   0.149922E+02   0.151417E+02   0.152409E+02   0.152611E+02
    0.152171E+02   0.151323E+02   0.150431E+02   0.149901E+02   0.149937E+02
    0.150486E+02   0.151389E+02   0.152502E+02   0.153705E+02   0.154917E+02
    0.156155E+02   0.157516E+02   0.159083E+02   0.160885E+02   0.162893E+02
    0.165019E+02   0.167219E+02   0.169566E+02   0.172211E+02   0.175341E+02
    0.179254E+02   0.184737E+02   0.196419E+02   0.195096E+02   0.207349E+02
    0.193421E+02   0.192964E+02   0.180679E+02   0.173690E+02   0.168147E+02
    0.163331E+02   0.158944E+02   0.154843E+02   0.150966E+02   0.147294E+02
    0.143814E+02   0.140508E+02   0.137338E+02   0.134267E+02   0.131270E+02
    0.128324E+02   0.125383E+02   0.122390E+02   0.119291E+02   0.116051E+02
    0.112701E+02   0.109289E+02   0.105749E+02   0.102024E+02   0.982459E+01
    0.945778E+01   0.856967E+01
    0.158763E+02   0.149222E+02   0.150699E+02   0.151758E+02   0.152102E+02
    0.151773E+02   0.150873E+02   0.149736E+02   0.148905E+02   0.148743E+02
    0.149217E+02   0.150109E+02   0.151224E+02   0.152418E+02   0.153616E+02
    0.154855E+02   0.156224E+02   0.157793E+02   0.159591E+02   0.161593E+02
    0.163699E+02   0.165840E+02   0.168070E+02   0.170503E+02   0.173261E+02
    0.176491E+02   0.180498E+02   0.186078E+02   0.197479E+02   0.196153E+02
    0.208321E+02   0.194473E+02   0.193798E+02   0.181940E+02   0.175033E+02
    0.169490E+02   0.164646E+02   0.160233E+02   0.156142E+02   0.152330E+02
    0.148778E+02   0.145458E+02   0.142328E+02   0.139338E+02   0.136444E+02
    0.133601E+02   0.130755E+02   0.127844E+02   0.124811E+02   0.121616E+02
    0.118291E+02   0.114901E+02   0.111396E+02   0.107734E+02   0.104035E+02
    0.100438E+02   0.915907E+01
    0.158004E+02   0.148148E+02   0.149519E+02   0.150564E+02   0.150956E+02
    0.150657E+02   0.149697E+02   0.148405E+02   0.147405E+02   0.147155E+02
    0.147625E+02   0.148546E+02   0.149683E+02   0.150883E+02   0.152090E+02
    0.153358E+02   0.154764E+02   0.156358E+02   0.158164E+02   0.160161E+02
    0.162249E+02   0.164354E+02   0.166516E+02   0.168830E+02   0.171379E+02
    0.174247E+02   0.177578E+02   0.181682E+02   0.187314E+02   0.198311E+02
    0.197097E+02   0.209102E+02   0.195373E+02   0.194345E+02   0.182886E+02
    0.176123E+02   0.170637E+02   0.165840E+02   0.161505E+02   0.157540E+02
    0.153897E+02   0.150536E+02   0.147402E+02   0.144435E+02   0.141576E+02
    0.138770E+02   0.135957E+02   0.133072E+02   0.130056E+02   0.126865E+02
    0.123534E+02   0.120140E+02   0.116652E+02   0.113035E+02   0.109401E+02
    0.105864E+02   0.970477E+01
    0.157364E+02   0.147158E+02   0.148352E+02   0.149312E+02   0.149681E+02
    0.149375E+02   0.148387E+02   0.147042E+02   0.145997E+02   0.145739E+02
    0.146229E+02   0.147166E+02   0.148303E+02   0.149488E+02   0.150686E+02
    0.151964E+02   0.153392E+02   0.155003E+02   0.156820E+02   0.158820E+02
    0.160902E+02   0.162993E+02   0.165128E+02   0.167385E+02   0.169828E+02
    0.172504E+02   0.175487E+02   0.178923E+02   0.183105E+02   0.188702E+02
    0.199198E+02   0.198193E+02   0.210001E+02   0.196442E+02   0.194967E+02
    0.183827E+02   0.177275E+02   0.171925E+02   0.167269E+02   0.163107E+02
    0.159340E+02   0.155903E+02   0.152723E+02   0.149731E+02   0.146859E+02
    0.144045E+02   0.141226E+02   0.138335E+02   0.135311E+02   0.132108E+02
    0.128764E+02   0.125364E+02   0.121886E+02   0.118301E+02   0.114709E+02
    0.111211E+02   0.102414E+02
    0.157041E+02   0.146491E+02   0.147520E+02   0.148368E+02   0.148678E+02
    0.148353E+02   0.147373E+02   0.146061E+02   0.145063E+02   0.144846E+02
    0.145354E+02   0.146280E+02   0.147382E+02   0.148523E+02   0.149677E+02
    0.150919E+02   0.152324E+02   0.153925E+02   0.155737E+02   0.157733E+02
    0.159812E+02   0.161901E+02   0.164030E+02   0.166267E+02   0.168661E+02
    0.171238E+02   0.174038E+02   0.177135E+02   0.180655E+02   0.184858E+02
    0.190299E+02   0.200233E+02   0.199562E+02   0.211139E+02   0.197787E+02
    0.195787E+02   0.184877E+02   0.178586E+02   0.173448E+02   0.169003E+02
    0.165058E+02   0.161499E+02   0.158234E+02   0.155177E+02   0.152256E+02
    0.149405E+02   0.146558E+02   0.143649E+02   0.140613E+02   0.137404E+02
    0.134058E+02   0.130662E+02   0.127196E+02   0.123630E+02   0.120058E+02
    0.116577E+02   0.107788E+02
    0.156827E+02   0.146105E+02   0.147064E+02   0.147827E+02   0.148072E+02
    0.147717E+02   0.146759E+02   0.145521E+02   0.144617E+02   0.144461E+02
    0.144977E+02   0.145870E+02   0.146914E+02   0.147991E+02   0.149075E+02
    0.150248E+02   0.151596E+02   0.153159E+02   0.154949E+02   0.156934E+02
    0.159007E+02   0.161094E+02   0.163225E+02   0.165460E+02   0.167836E+02
    0.170369E+02   0.173075E+02   0.175993E+02   0.179175E+02   0.182726E+02
    0.186864E+02   0.192036E+02   0.201432E+02   0.201189E+02   0.212516E+02
    0.199370E+02   0.196840E+02   0.186066E+02   0.180062E+02   0.175173E+02
    0.170959E+02   0.167220E+02   0.163823E+02   0.160666E+02   0.157666E+02
    0.154753E+02   0.151860E+02   0.148921E+02   0.145870E+02   0.142659E+02
    0.139321E+02   0.135937E+02   0.132482E+02   0.128925E+02   0.125359E+02
    0.121880E+02   0.113090E+02
    0.156580E+02   0.145882E+02   0.146887E+02   0.147630E+02   0.147846E+02
    0.147475E+02   0.146539E+02   0.145366E+02   0.144535E+02   0.144413E+02
    0.144915E+02   0.145760E+02   0.146742E+02   0.147755E+02   0.148767E+02
    0.149861E+02   0.151141E+02   0.152659E+02   0.154426E+02   0.156404E+02
    0.158478E+02   0.160570E+02   0.162707E+02   0.164945E+02   0.167316E+02
    0.169826E+02   0.172482E+02   0.175299E+02   0.178293E+02   0.181503E+02
    0.185019E+02   0.189016E+02   0.193861E+02   0.202810E+02   0.203024E+02
    0.214118E+02   0.201152E+02   0.198140E+02   0.187393E+02   0.181660E+02
    0.177011E+02   0.173004E+02   0.169427E+02   0.166141E+02   0.163046E+02
    0.160065E+02   0.157125E+02   0.154157E+02   0.151096E+02   0.147892E+02
    0.144573E+02   0.141208E+02   0.137770E+02   0.134222E+02   0.130659E+02
    0.127176E+02   0.118383E+02
    0.156158E+02   0.145691E+02   0.146783E+02   0.147531E+02   0.147719E+02
    0.147333E+02   0.146437E+02   0.145353E+02   0.144611E+02   0.144525E+02
    0.145009E+02   0.145803E+02   0.146721E+02   0.147669E+02   0.148610E+02
    0.149625E+02   0.150836E+02   0.152310E+02   0.154057E+02   0.156030E+02
    0.158108E+02   0.160208E+02   0.162354E+02   0.164601E+02   0.166976E+02
    0.169477E+02   0.172104E+02   0.174860E+02   0.177742E+02   0.180754E+02
    0.183934E+02   0.187358E+02   0.190713E+02   0.195240E+02   0.204099E+02
    0.204813E+02   0.215722E+02   0.202888E+02   0.199629E+02   0.188772E+02
    0.183285E+02   0.178845E+02   0.175001E+02   0.171536E+02   0.168314E+02
    0.165242E+02   0.162240E+02   0.159233E+02   0.156156E+02   0.152954E+02
    0.149649E+02   0.146302E+02   0.142877E+02   0.139339E+02   0.135776E+02
    0.132289E+02   0.123492E+02
    0.155496E+02   0.145410E+02   0.146626E+02   0.147418E+02   0.147617E+02
    0.147247E+02   0.146393E+02   0.145373E+02   0.144684E+02   0.144617E+02
    0.145084E+02   0.145840E+02   0.146712E+02   0.147614E+02   0.148506E+02
    0.149467E+02   0.150633E+02   0.152083E+02   0.153823E+02   0.155801E+02
    0.157889E+02   0.160000E+02   0.162157E+02   0.164413E+02   0.166792E+02
    0.169290E+02   0.171899E+02   0.174614E+02   0.177424E+02   0.180318E+02
    0.183308E+02   0.186427E+02   0.189487E+02   0.191866E+02   0.196079E+02
    0.205200E+02   0.206489E+02   0.217277E+02   0.204527E+02   0.201325E+02
    0.190203E+02   0.184918E+02   0.180639E+02   0.176907E+02   0.173508E+02
    0.170314E+02   0.167228E+02   0.164167E+02   0.161061E+02   0.157852E+02
    0.154552E+02   0.151215E+02   0.147801E+02   0.144267E+02   0.140705E+02
    0.137213E+02   0.128412E+02
    0.154643E+02   0.144987E+02   0.146366E+02   0.147262E+02   0.147530E+02
    0.147205E+02   0.146372E+02   0.145350E+02   0.144646E+02   0.144564E+02
    0.145021E+02   0.145767E+02   0.146625E+02   0.147511E+02   0.148385E+02
    0.149327E+02   0.150479E+02   0.151921E+02   0.153662E+02   0.155646E+02
    0.157741E+02   0.159854E+02   0.162009E+02   0.164264E+02   0.166642E+02
    0.169134E+02   0.171730E+02   0.174418E+02   0.177186E+02   0.180022E+02
    0.182927E+02   0.185905E+02   0.188962E+02   0.191141E+02   0.190760E+02
    0.194811E+02   0.205318E+02   0.207645E+02   0.218320E+02   0.205649E+02
    0.203012E+02   0.191521E+02   0.186380E+02   0.182220E+02   0.178569E+02
    0.175213E+02   0.172020E+02   0.168891E+02   0.165746E+02   0.162520E+02
    0.159219E+02   0.155888E+02   0.152482E+02   0.148956E+02   0.145400E+02
    0.141911E+02   0.133110E+02
    0.153753E+02   0.144613E+02   0.146145E+02   0.147145E+02   0.147476E+02
    0.147184E+02   0.146369E+02   0.145350E+02   0.144642E+02   0.144563E+02
    0.145034E+02   0.145794E+02   0.146658E+02   0.147544E+02   0.148415E+02
    0.149357E+02   0.150512E+02   0.151959E+02   0.153706E+02   0.155697E+02
    0.157796E+02   0.159913E+02   0.162071E+02   0.164330E+02   0.166714E+02
    0.169210E+02   0.171800E+02   0.174469E+02   0.177204E+02   0.179999E+02
    0.182850E+02   0.185748E+02   0.188668E+02   0.191496E+02   0.191369E+02
    0.190553E+02   0.194164E+02   0.205372E+02   0.208913E+02   0.219585E+02
    0.206935E+02   0.204993E+02   0.192937E+02   0.187867E+02   0.183780E+02
    0.180170E+02   0.176817E+02   0.173584E+02   0.170374E+02   0.167112E+02
    0.163793E+02   0.160455E+02   0.157047E+02   0.153523E+02   0.149969E+02
    0.146479E+02   0.137676E+02
    0.152986E+02   0.144351E+02   0.146009E+02   0.147097E+02   0.147476E+02
    0.147208E+02   0.146407E+02   0.145396E+02   0.144696E+02   0.144626E+02
    0.145109E+02   0.145875E+02   0.146737E+02   0.147619E+02   0.148491E+02
    0.149438E+02   0.150600E+02   0.152051E+02   0.153800E+02   0.155789E+02
    0.157885E+02   0.159996E+02   0.162150E+02   0.164406E+02   0.166790E+02
    0.169288E+02   0.171876E+02   0.174533E+02   0.177250E+02   0.180020E+02
    0.182838E+02   0.185685E+02   0.188520E+02   0.191284E+02   0.193387E+02
    0.190387E+02   0.189326E+02   0.192781E+02   0.204724E+02   0.209831E+02
    0.220560E+02   0.207905E+02   0.206783E+02   0.193804E+02   0.188696E+02
    0.184737E+02   0.181140E+02   0.177924E+02   0.174601E+02   0.171268E+02
    0.167904E+02   0.164537E+02   0.161112E+02   0.157578E+02   0.154018E+02
    0.150525E+02   0.141720E+02
    0.152388E+02   0.144177E+02   0.145924E+02   0.147077E+02   0.147492E+02
    0.147241E+02   0.146445E+02   0.145428E+02   0.144713E+02   0.144636E+02
    0.145122E+02   0.145896E+02   0.146766E+02   0.147657E+02   0.148548E+02
    0.149529E+02   0.150726E+02   0.152201E+02   0.153960E+02   0.155950E+02
    0.158040E+02   0.160142E+02   0.162283E+02   0.164527E+02   0.166904E+02
    0.169399E+02   0.171985E+02   0.174638E+02   0.177346E+02   0.180108E+02
    0.182918E+02   0.185750E+02   0.188333E+02   0.190780E+02   0.193277E+02
    0.194170E+02   0.189014E+02   0.189498E+02   0.192125E+02   0.203616E+02
    0.210747E+02   0.221532E+02   0.208878E+02   0.208467E+02   0.194459E+02
    0.189385E+02   0.185310E+02   0.181452E+02   0.178302E+02   0.174854E+02
    0.171415E+02   0.168249E+02   0.165009E+02   0.161462E+02   0.157899E+02
    0.154407E+02   0.145604E+02
    0.151979E+02   0.144130E+02   0.145918E+02   0.147101E+02   0.147525E+02
    0.147277E+02   0.146487E+02   0.145477E+02   0.144759E+02   0.144670E+02
    0.145142E+02   0.145909E+02   0.146777E+02   0.147673E+02   0.148585E+02
    0.149601E+02   0.150834E+02   0.152334E+02   0.154105E+02   0.156096E+02
    0.157714E+02   0.159807E+02   0.161936E+02   0.164170E+02   0.166542E+02
    0.169037E+02   0.171808E+02   0.174744E+02   0.177451E+02   0.180210E+02
    0.183017E+02   0.185841E+02   0.188472E+02   0.190214E+02   0.191941E+02
    0.194051E+02   0.192800E+02   0.187657E+02   0.188733E+02   0.192467E+02
    0.203533E+02   0.211344E+02   0.222218E+02   0.209522E+02   0.209379E+02
    0.193518E+02   0.188511E+02   0.184430E+02   0.180123E+02   0.177509E+02
    0.173950E+02   0.170456E+02   0.167649E+02   0.164646E+02   0.161069E+02
    0.157568E+02   0.148759E+02
    0.151831E+02   0.144216E+02   0.146026E+02   0.147209E+02   0.147630E+02
    0.147382E+02   0.146592E+02   0.145575E+02   0.144839E+02   0.144726E+02
    0.145180E+02   0.145936E+02   0.146804E+02   0.147704E+02   0.148629E+02
    0.149669E+02   0.150925E+02   0.152437E+02   0.154211E+02   0.156198E+02
    0.158275E+02   0.159151E+02   0.161271E+02   0.163498E+02   0.165869E+02
    0.168369E+02   0.170965E+02   0.174261E+02   0.177548E+02   0.180311E+02
    0.183117E+02   0.185931E+02   0.188689E+02   0.190999E+02   0.190628E+02
    0.190188E+02   0.191845E+02   0.190110E+02   0.188764E+02   0.190886E+02
    0.194900E+02   0.206829E+02   0.212621E+02   0.223612E+02   0.210828E+02
    0.210643E+02   0.194341E+02   0.189794E+02   0.183999E+02   0.177829E+02
    0.174115E+02   0.170492E+02   0.166907E+02   0.165785E+02   0.163945E+02
    0.160421E+02   0.151602E+02
    0.151604E+02   0.144035E+02   0.145942E+02   0.147214E+02   0.147730E+02
    0.147546E+02   0.146751E+02   0.145655E+02   0.144813E+02   0.144635E+02
    0.145079E+02   0.145858E+02   0.146757E+02   0.147686E+02   0.148642E+02
    0.149717E+02   0.151002E+02   0.152531E+02   0.154314E+02   0.156306E+02
    0.158382E+02   0.160457E+02   0.159381E+02   0.161597E+02   0.163961E+02
    0.166460E+02   0.169060E+02   0.171728E+02   0.176138E+02   0.180414E+02
    0.183235E+02   0.186058E+02   0.188809E+02   0.191388E+02   0.192923E+02
    0.189649E+02   0.187505E+02   0.188691E+02   0.186424E+02   0.188297E+02
    0.192503E+02   0.196690E+02   0.210857E+02   0.213675E+02   0.224852E+02
    0.211910E+02   0.210717E+02   0.194088E+02   0.189188E+02   0.182898E+02
    0.175928E+02   0.171632E+02   0.167908E+02   0.164197E+02   0.163901E+02
    0.162282E+02   0.153447E+02
    0.151342E+02   0.143890E+02   0.145910E+02   0.147299E+02   0.147922E+02
    0.147802E+02   0.147003E+02   0.145838E+02   0.144909E+02   0.144682E+02
    0.145124E+02   0.145924E+02   0.146848E+02   0.147802E+02   0.148784E+02
    0.149888E+02   0.151198E+02   0.152745E+02   0.154540E+02   0.156541E+02
    0.158488E+02   0.160230E+02   0.162332E+02   0.162127E+02   0.164511E+02
    0.167315E+02   0.170158E+02   0.172819E+02   0.175539E+02   0.180035E+02
    0.183437E+02   0.186264E+02   0.189007E+02   0.191493E+02   0.193347E+02
    0.194895E+02   0.190404E+02   0.186544E+02   0.187354E+02   0.185523E+02
    0.189322E+02   0.194432E+02   0.199174E+02   0.214566E+02   0.216044E+02
    0.227453E+02   0.214303E+02   0.213753E+02   0.197685E+02   0.192103E+02
    0.185620E+02   0.178634E+02   0.173781E+02   0.169916E+02   0.166156E+02
    0.165893E+02   0.158748E+02
    0.151118E+02   0.143711E+02   0.145811E+02   0.147296E+02   0.148012E+02
    0.147951E+02   0.147164E+02   0.145971E+02   0.145004E+02   0.144760E+02
    0.145207E+02   0.146021E+02   0.146960E+02   0.147929E+02   0.148930E+02
    0.150060E+02   0.151398E+02   0.152973E+02   0.154795E+02   0.156819E+02
    0.158449E+02   0.160177E+02   0.161361E+02   0.163558E+02   0.164757E+02
    0.167306E+02   0.170642E+02   0.173871E+02   0.176604E+02   0.179648E+02
    0.183230E+02   0.186308E+02   0.189039E+02   0.191634E+02   0.193644E+02
    0.194110E+02   0.195244E+02   0.189580E+02   0.183933E+02   0.184396E+02
    0.183124E+02   0.187523E+02   0.193288E+02   0.199786E+02   0.215913E+02
    0.217210E+02   0.228914E+02   0.215464E+02   0.215995E+02   0.201068E+02
    0.194302E+02   0.188597E+02   0.182348E+02   0.177503E+02   0.173580E+02
    0.169864E+02   0.163387E+02
    0.150753E+02   0.143488E+02   0.145660E+02   0.147220E+02   0.147996E+02
    0.147971E+02   0.147199E+02   0.146011E+02   0.145048E+02   0.144813E+02
    0.145273E+02   0.146099E+02   0.147049E+02   0.148031E+02   0.149053E+02
    0.150211E+02   0.151587E+02   0.153208E+02   0.155083E+02   0.157154E+02
    0.159285E+02   0.160183E+02   0.161233E+02   0.160239E+02   0.162568E+02
    0.164624E+02   0.167425E+02   0.172512E+02   0.176840E+02   0.179267E+02
    0.182605E+02   0.185845E+02   0.188477E+02   0.190984E+02   0.193341E+02
    0.194570E+02   0.191675E+02   0.192396E+02   0.186990E+02   0.182808E+02
    0.183346E+02   0.183261E+02   0.187517E+02   0.193603E+02   0.201253E+02
    0.217220E+02   0.217901E+02   0.230049E+02   0.216136E+02   0.217626E+02
    0.203419E+02   0.196104E+02   0.190437E+02   0.185150E+02   0.180961E+02
    0.177064E+02   0.168093E+02
    0.150494E+02   0.143417E+02   0.145599E+02   0.147169E+02   0.147949E+02
    0.147942E+02   0.147219E+02   0.146113E+02   0.145235E+02   0.145049E+02
    0.145519E+02   0.146334E+02   0.147267E+02   0.148239E+02   0.149262E+02
    0.150428E+02   0.151824E+02   0.153484E+02   0.155410E+02   0.157531E+02
    0.159238E+02   0.161371E+02   0.159966E+02   0.160824E+02   0.158823E+02
    0.161255E+02   0.163771E+02   0.166686E+02   0.172564E+02   0.177316E+02
    0.179037E+02   0.183590E+02   0.186967E+02   0.189431E+02   0.191783E+02
    0.194077E+02   0.194715E+02   0.188831E+02   0.188413E+02   0.184881E+02
    0.183474E+02   0.184083E+02   0.184792E+02   0.189441E+02   0.195993E+02
    0.204010E+02   0.219431E+02   0.218311E+02   0.231037E+02   0.216603E+02
    0.218150E+02   0.203974E+02   0.196265E+02   0.190413E+02   0.185265E+02
    0.181585E+02   0.172461E+02
    0.150253E+02   0.143215E+02   0.145376E+02   0.146939E+02   0.147724E+02
    0.147746E+02   0.147093E+02   0.146093E+02   0.145312E+02   0.145161E+02
    0.145602E+02   0.146354E+02   0.147214E+02   0.148115E+02   0.149063E+02
    0.150150E+02   0.151479E+02   0.153097E+02   0.155003E+02   0.157115E+02
    0.158812E+02   0.159664E+02   0.161771E+02   0.160698E+02   0.161413E+02
    0.158618E+02   0.161114E+02   0.163683E+02   0.166755E+02   0.173395E+02
    0.178616E+02   0.177780E+02   0.181677E+02   0.185438E+02   0.188241E+02
    0.190901E+02   0.193203E+02   0.193412E+02   0.185466E+02   0.184816E+02
    0.186097E+02   0.186744E+02   0.187463E+02   0.188581E+02   0.192712E+02
    0.199470E+02   0.207370E+02   0.220862E+02   0.219183E+02   0.231572E+02
    0.217517E+02   0.217808E+02   0.204953E+02   0.197336E+02   0.191146E+02
    0.186319E+02   0.178811E+02
    0.150608E+02   0.143176E+02   0.145193E+02   0.146677E+02   0.147429E+02
    0.147474E+02   0.146876E+02   0.145909E+02   0.145099E+02   0.144874E+02
    0.145247E+02   0.145954E+02   0.146782E+02   0.147651E+02   0.148561E+02
    0.149601E+02   0.150883E+02   0.152461E+02   0.154332E+02   0.156410E+02
    0.158075E+02   0.158898E+02   0.156902E+02   0.159064E+02   0.158053E+02
    0.159154E+02   0.157162E+02   0.159785E+02   0.162487E+02   0.165631E+02
    0.171833E+02   0.177093E+02   0.175330E+02   0.179649E+02   0.184615E+02
    0.189008E+02   0.192665E+02   0.194787E+02   0.194805E+02   0.186687E+02
    0.185902E+02   0.189345E+02   0.190439E+02   0.191333E+02   0.192184E+02
    0.195154E+02   0.201921E+02   0.208472E+02   0.220663E+02   0.219444E+02
    0.231682E+02   0.217916E+02   0.217531E+02   0.205362E+02   0.197568E+02
    0.190591E+02   0.179552E+02
