     2   150
  0.00000000E+00  1.00000000E+00
  0.00000000E+00  9.94671190E-01
  5.75000000E-01  9.88626600E-01
  5.74100000E+00  9.81742290E-01
  2.15160000E+01  9.73867600E-01
  5.57120000E+01  9.64827570E-01
  1.16899000E+02  9.54434110E-01
  2.14015000E+02  9.42491060E-01
  3.56223000E+02  9.28797310E-01
  5.52720000E+02  9.13151000E-01
  8.12489000E+02  8.95354990E-01
  1.14398800E+03  8.75223600E-01
  1.55478900E+03  8.52590670E-01
  2.05115000E+03  8.27318840E-01
  2.63755300E+03  7.99309740E-01
  3.31621700E+03  7.68514680E-01
  4.08661400E+03  7.34945230E-01
  4.94502900E+03  6.98682920E-01
  5.88420600E+03  6.59887040E-01
  6.89311700E+03  6.18799620E-01
  7.95690800E+03  5.75746650E-01
  9.05705100E+03  5.31134820E-01
  1.01717120E+04  4.85443310E-01
  1.12763480E+04  4.39210800E-01
  1.23444900E+04  3.93018260E-01
  1.33486710E+04  3.47468490E-01
  1.42614350E+04  3.03164120E-01
  1.50563420E+04  2.60685450E-01
  1.57088930E+04  2.20570190E-01
  1.61973150E+04  1.83296240E-01
  1.65031440E+04  1.49268770E-01
  1.66116030E+04  1.18812190E-01
  1.65117360E+04  9.21669100E-02
  1.61979670E+04  6.94745800E-02
  1.56834890E+04  5.06468400E-02
  1.49930740E+04  3.54416200E-02
  1.41543160E+04  2.35558800E-02
  1.31970650E+04  1.46371200E-02
  1.21529370E+04  8.29402000E-03
  1.10548530E+04  4.10671000E-03
  9.93661400E+03  1.63591000E-03
  8.83253700E+03  4.31060000E-04
  7.77715000E+03  3.69700000E-05
  6.80487400E+03  0.00000000E+00
  5.93705000E+03  0.00000000E+00
  5.16729177E+03  0.00000000E+00
  4.48622750E+03  0.00000000E+00
  3.88518080E+03  0.00000000E+00
  3.35613662E+03  0.00000000E+00
  2.89170873E+03  0.00000000E+00
  2.48510795E+03  0.00000000E+00
  2.13011126E+03  0.00000000E+00
  1.82103113E+03  0.00000000E+00
  1.55268544E+03  0.00000000E+00
  1.32036747E+03  0.00000000E+00
  1.11981634E+03  0.00000000E+00
  9.47187803E+02  0.00000000E+00
  7.99025398E+02  0.00000000E+00
  6.72232301E+02  0.00000000E+00
  5.64043781E+02  0.00000000E+00
  4.72000512E+02  0.00000000E+00
  3.93922818E+02  0.00000000E+00
  3.27885979E+02  0.00000000E+00
  2.72196697E+02  0.00000000E+00
  2.25370793E+02  0.00000000E+00
  1.86112228E+02  0.00000000E+00
  1.53293455E+02  0.00000000E+00
  1.25937167E+02  0.00000000E+00
  1.03199411E+02  0.00000000E+00
  8.43540903E+01  0.00000000E+00
  6.87787929E+01  0.00000000E+00
  5.59419386E+01  0.00000000E+00
  4.53911668E+01  0.00000000E+00
  3.67429137E+01  0.00000000E+00
  2.96731066E+01  0.00000000E+00
  2.39089011E+01  0.00000000E+00
  1.92213823E+01  0.00000000E+00
  1.54191513E+01  0.00000000E+00
  1.23427195E+01  0.00000000E+00
  9.85963176E+00  0.00000000E+00
  7.86024560E+00  0.00000000E+00
  6.25409522E+00  0.00000000E+00
  4.96677413E+00  0.00000000E+00
  3.93727458E+00  0.00000000E+00
  3.11572717E+00  0.00000000E+00
  2.46148870E+00  0.00000000E+00
  1.94153170E+00  0.00000000E+00
  1.52909363E+00  0.00000000E+00
  1.20254848E+00  0.00000000E+00
  9.44467945E-01  0.00000000E+00
  7.40843356E-01  0.00000000E+00
  5.80443228E-01  0.00000000E+00
  4.54284771E-01  0.00000000E+00
  3.55200679E-01  0.00000000E+00
  2.77485257E-01  0.00000000E+00
  2.16606319E-01  0.00000000E+00
  1.68971402E-01  0.00000000E+00
  1.31738645E-01  0.00000000E+00
  1.02664271E-01  0.00000000E+00
  7.99799439E-02  0.00000000E+00
  6.22944276E-02  0.00000000E+00
  4.85149490E-02  0.00000000E+00
  3.77834803E-02  0.00000000E+00
  2.94258040E-02  0.00000000E+00
  2.29168392E-02  0.00000000E+00
  1.78476523E-02  0.00000000E+00
  1.38997656E-02  0.00000000E+00
  1.08251483E-02  0.00000000E+00
  8.43063400E-03  0.00000000E+00
  6.56578436E-03  0.00000000E+00
  5.11343800E-03  0.00000000E+00
  3.98234952E-03  0.00000000E+00
  3.10145693E-03  0.00000000E+00
  2.41541708E-03  0.00000000E+00
  1.88112872E-03  0.00000000E+00
  1.46502452E-03  0.00000000E+00
  1.14096224E-03  0.00000000E+00
  8.88582287E-04  0.00000000E+00
  6.92028581E-04  0.00000000E+00
  5.38952400E-04  0.00000000E+00
  4.19736552E-04  0.00000000E+00
  3.26891155E-04  0.00000000E+00
  2.54583087E-04  0.00000000E+00
  1.98269508E-04  0.00000000E+00
  1.54412448E-04  0.00000000E+00
  1.20256535E-04  0.00000000E+00
  9.36558840E-05  0.00000000E+00
  7.29392758E-05  0.00000000E+00
  5.68051651E-05  0.00000000E+00
  4.42399070E-05  0.00000000E+00
  3.44540743E-05  0.00000000E+00
  2.68328600E-05  0.00000000E+00
  2.08974524E-05  0.00000000E+00
  1.62749523E-05  0.00000000E+00
  1.26749456E-05  0.00000000E+00
  9.87125754E-06  0.00000000E+00
  7.68774311E-06  0.00000000E+00
  5.98722035E-06  0.00000000E+00
  4.66285190E-06  0.00000000E+00
  3.63143271E-06  0.00000000E+00
  2.82816264E-06  0.00000000E+00
  2.20257528E-06  0.00000000E+00
  1.71536735E-06  0.00000000E+00
  1.33592944E-06  0.00000000E+00
  1.04042289E-06  0.00000000E+00
  8.10282162E-07  0.00000000E+00
  6.31048382E-07  0.00000000E+00
  4.91460974E-07  0.00000000E+00
  3.82750192E-07  0.00000000E+00
  2.98086149E-07  0.00000000E+00
  0.00000000E+00  0.00000000E+00
