       0.320758081676E-01  0.810020127428E-01
       0.157790935440E+00  0.163636497638E+00
       0.341886116992E+00  0.194495213222E+00
       0.525981298543E+00  0.163636497638E+00
       0.651696425816E+00  0.810020127428E-01
       0.693915495143E+00  0.256150855325E-01
       0.733670108995E+00  0.517464040868E-01
       0.791886116992E+00  0.615047867781E-01
       0.850102124988E+00  0.517464040868E-01
       0.889856738840E+00  0.256150855325E-01
       0.903207580817E+00  0.810020127428E-02
       0.915779093544E+00  0.163636497638E-01
       0.934188611699E+00  0.194495213222E-01
       0.952598129854E+00  0.163636497638E-01
       0.965169642582E+00  0.810020127428E-02
       0.969391549514E+00  0.256150855325E-02
       0.973367010900E+00  0.517464040868E-02
       0.979188611699E+00  0.615047867781E-02
       0.985010212499E+00  0.517464040868E-02
       0.988985673884E+00  0.256150855325E-02
       0.990320758082E+00  0.810020127428E-03
       0.991577909354E+00  0.163636497638E-02
       0.993418861170E+00  0.194495213222E-02
       0.995259812985E+00  0.163636497638E-02
       0.996516964258E+00  0.810020127428E-03
       0.996939154951E+00  0.256150855325E-03
       0.997336701090E+00  0.517464040868E-03
       0.997918861170E+00  0.615047867781E-03
       0.998501021250E+00  0.517464040868E-03
       0.998898567388E+00  0.256150855325E-03
       0.999032075808E+00  0.810020127428E-04
       0.999157790935E+00  0.163636497638E-03
       0.999341886117E+00  0.194495213222E-03
       0.999525981299E+00  0.163636497638E-03
       0.999651696426E+00  0.810020127428E-04
       0.999698606503E+00  0.374614297853E-04
       0.999756746643E+00  0.756778376118E-04
       0.999841886117E+00  0.899492312226E-04
       0.999927025590E+00  0.756778376118E-04
       0.999985165731E+00  0.374614297853E-04



  (n = 40)     xi                wi    (SUM wi = 1.00000000000000000)
