  
 log(Aij)/0.540:
    0.101673E+02   0.106617E+02   0.113764E+02   0.120860E+02   0.128442E+02
    0.137723E+02   0.162066E+02   0.145970E+02   0.169411E+02   0.146379E+02
    0.160065E+02   0.139637E+02   0.131032E+02   0.124508E+02   0.118729E+02
    0.113151E+02   0.107686E+02   0.102536E+02   0.978596E+01   0.938062E+01
    0.902555E+01   0.868526E+01   0.835504E+01   0.803714E+01   0.773181E+01
    0.743603E+01   0.714393E+01   0.684724E+01   0.653724E+01   0.620770E+01
    0.585658E+01   0.548646E+01   0.510383E+01   0.471615E+01   0.432716E+01
    0.393913E+01   0.355602E+01   0.318292E+01   0.282510E+01   0.248639E+01
    0.217325E+01   0.187965E+01   0.159237E+01   0.131556E+01   0.104500E+01
    0.776492E+00   0.505086E+00   0.225476E+00  -0.667771E-01  -0.374112E+00
   -0.691870E+00  -0.101292E+01  -0.134126E+01  -0.168177E+01  -0.202708E+01
   -0.236926E+01  -0.324689E+01
    0.997537E+01   0.104486E+02   0.111426E+02   0.118093E+02   0.124805E+02
    0.132007E+02   0.141078E+02   0.163738E+02   0.149193E+02   0.171203E+02
    0.149701E+02   0.161415E+02   0.142573E+02   0.134234E+02   0.127577E+02
    0.121436E+02   0.115505E+02   0.109859E+02   0.104700E+02   0.100286E+02
    0.964787E+01   0.928472E+01   0.893384E+01   0.859721E+01   0.827501E+01
    0.796446E+01   0.765996E+01   0.735332E+01   0.703564E+01   0.670041E+01
    0.634550E+01   0.597339E+01   0.559048E+01   0.520399E+01   0.481761E+01
    0.443352E+01   0.405535E+01   0.368765E+01   0.333505E+01   0.300081E+01
    0.269394E+01   0.240592E+01   0.211877E+01   0.184153E+01   0.157033E+01
    0.130131E+01   0.102994E+01   0.751303E+00   0.461275E+00   0.157403E+00
   -0.156195E+00  -0.473131E+00  -0.797710E+00  -0.113492E+01  -0.147787E+01
   -0.181897E+01  -0.269642E+01
    0.980354E+01   0.102594E+02   0.109406E+02   0.115821E+02   0.122088E+02
    0.128423E+02   0.135302E+02   0.144381E+02   0.165315E+02   0.152354E+02
    0.172904E+02   0.152853E+02   0.162542E+02   0.145002E+02   0.136796E+02
    0.129949E+02   0.123626E+02   0.117633E+02   0.112077E+02   0.107303E+02
    0.103218E+02   0.993394E+01   0.956043E+01   0.920283E+01   0.886141E+01
    0.853379E+01   0.821492E+01   0.789704E+01   0.757157E+01   0.723195E+01
    0.687532E+01   0.650312E+01   0.612080E+01   0.573492E+01   0.534879E+01
    0.496458E+01   0.458596E+01   0.421753E+01   0.386400E+01   0.352872E+01
    0.322360E+01   0.293795E+01   0.264929E+01   0.237113E+01   0.209955E+01
    0.183071E+01   0.156019E+01   0.128322E+01   0.995827E+00   0.695358E+00
    0.385118E+00   0.705189E-01  -0.253221E+00  -0.590982E+00  -0.935280E+00
   -0.127788E+01  -0.215613E+01
    0.961510E+01   0.100703E+02   0.107439E+02   0.113694E+02   0.119694E+02
    0.125559E+02   0.131485E+02   0.138291E+02   0.147484E+02   0.166625E+02
    0.155333E+02   0.174350E+02   0.155287E+02   0.163386E+02   0.146606E+02
    0.138418E+02   0.131574E+02   0.125309E+02   0.119488E+02   0.114397E+02
    0.110009E+02   0.105854E+02   0.101863E+02   0.980451E+01   0.944022E+01
    0.909148E+01   0.875386E+01   0.842016E+01   0.808197E+01   0.773265E+01
    0.736888E+01   0.699154E+01   0.660544E+01   0.621658E+01   0.582800E+01
    0.544170E+01   0.506116E+01   0.469086E+01   0.433541E+01   0.399819E+01
    0.369316E+01   0.340825E+01   0.311785E+01   0.283856E+01   0.256635E+01
    0.229726E+01   0.202681E+01   0.175020E+01   0.146336E+01   0.116339E+01
    0.853319E+00   0.538435E+00   0.214133E+00  -0.124256E+00  -0.469198E+00
   -0.812448E+00  -0.169110E+01
    0.946704E+01   0.991904E+01   0.105869E+02   0.111989E+02   0.117782E+02
    0.123311E+02   0.128643E+02   0.134320E+02   0.141329E+02   0.150224E+02
    0.167634E+02   0.157753E+02   0.175544E+02   0.157437E+02   0.163974E+02
    0.147624E+02   0.139575E+02   0.132846E+02   0.126769E+02   0.121402E+02
    0.116710E+02   0.112276E+02   0.108024E+02   0.103952E+02   0.100060E+02
    0.963344E+01   0.927380E+01   0.892075E+01   0.856647E+01   0.820449E+01
    0.783112E+01   0.744656E+01   0.705482E+01   0.666126E+01   0.626856E+01
    0.587852E+01   0.549449E+01   0.512072E+01   0.476178E+01   0.442105E+01
    0.411347E+01   0.382663E+01   0.353367E+01   0.325246E+01   0.297887E+01
    0.270875E+01   0.243757E+01   0.216042E+01   0.187307E+01   0.157240E+01
    0.126130E+01   0.945231E+00   0.619859E+00   0.280771E+00  -0.645010E-01
   -0.407796E+00  -0.128640E+01
    0.938075E+01   0.982236E+01   0.104798E+02   0.110744E+02   0.116314E+02
    0.121544E+02   0.126434E+02   0.131408E+02   0.137310E+02   0.144355E+02
    0.152538E+02   0.168409E+02   0.159933E+02   0.176559E+02   0.159173E+02
    0.164423E+02   0.148412E+02   0.140491E+02   0.133921E+02   0.128215E+02
    0.123202E+02   0.118497E+02   0.113999E+02   0.109692E+02   0.105568E+02
    0.101614E+02   0.978000E+01   0.940715E+01   0.903591E+01   0.866032E+01
    0.827647E+01   0.788391E+01   0.748587E+01   0.708700E+01   0.668959E+01
    0.629523E+01   0.590704E+01   0.552908E+01   0.516577E+01   0.482053E+01
    0.450839E+01   0.421751E+01   0.392143E+01   0.363777E+01   0.336228E+01
    0.309071E+01   0.281848E+01   0.254065E+01   0.225283E+01   0.195168E+01
    0.163986E+01   0.132281E+01   0.996470E+00   0.656647E+00   0.311026E+00
   -0.322821E-01  -0.910792E+00
    0.933664E+01   0.976080E+01   0.104072E+02   0.109838E+02   0.115177E+02
    0.120102E+02   0.124578E+02   0.128979E+02   0.134123E+02   0.140213E+02
    0.146823E+02   0.154111E+02   0.168978E+02   0.161697E+02   0.177389E+02
    0.160433E+02   0.164808E+02   0.149039E+02   0.141262E+02   0.134970E+02
    0.129546E+02   0.124540E+02   0.119799E+02   0.115273E+02   0.110939E+02
    0.106779E+02   0.102763E+02   0.988461E+01   0.949685E+01   0.910792E+01
    0.871386E+01   0.831352E+01   0.790920E+01   0.750473E+01   0.710197E+01
    0.670232E+01   0.630873E+01   0.592507E+01   0.555567E+01   0.520411E+01
    0.488472E+01   0.458734E+01   0.428749E+01   0.400118E+01   0.372400E+01
    0.345144E+01   0.317889E+01   0.290146E+01   0.261469E+01   0.231493E+01
    0.200433E+01   0.168794E+01   0.136181E+01   0.102204E+01   0.676519E+00
    0.333368E+00  -0.545072E+00
    0.930177E+01   0.970770E+01   0.103477E+02   0.109096E+02   0.114205E+02
    0.118802E+02   0.122840E+02   0.126684E+02   0.131178E+02   0.136619E+02
    0.142491E+02   0.148438E+02   0.155140E+02   0.169418E+02   0.162957E+02
    0.178049E+02   0.161421E+02   0.165156E+02   0.149594E+02   0.142024E+02
    0.135947E+02   0.130540E+02   0.125517E+02   0.120766E+02   0.116234E+02
    0.111886E+02   0.107692E+02   0.103608E+02   0.995841E+01   0.955765E+01
    0.915473E+01   0.874801E+01   0.833902E+01   0.793078E+01   0.752474E+01
    0.712208E+01   0.672541E+01   0.633830E+01   0.596484E+01   0.560860E+01
    0.528195E+01   0.497711E+01   0.467372E+01   0.438444E+01   0.410490E+01
    0.383063E+01   0.355714E+01   0.327966E+01   0.299380E+01   0.269566E+01
    0.238665E+01   0.207119E+01   0.174514E+01   0.140481E+01   0.105853E+01
    0.714809E+00  -0.163801E+00
    0.925096E+01   0.964409E+01   0.102774E+02   0.108238E+02   0.113111E+02
    0.117400E+02   0.121056E+02   0.124412E+02   0.128317E+02   0.133226E+02
    0.138679E+02   0.144105E+02   0.149602E+02   0.155929E+02   0.169798E+02
    0.163930E+02   0.178613E+02   0.162236E+02   0.165498E+02   0.150129E+02
    0.142740E+02   0.136695E+02   0.131289E+02   0.126273E+02   0.121533E+02
    0.117006E+02   0.112651E+02   0.108422E+02   0.104270E+02   0.100156E+02
    0.960439E+01   0.919189E+01   0.877916E+01   0.836870E+01   0.796173E+01
    0.755924E+01   0.716337E+01   0.677698E+01   0.640352E+01   0.604611E+01
    0.571425E+01   0.540255E+01   0.509571E+01   0.480243E+01   0.451881E+01
    0.424088E+01   0.396446E+01   0.368503E+01   0.339837E+01   0.310051E+01
    0.279243E+01   0.247793E+01   0.215248E+01   0.181225E+01   0.146564E+01
    0.112144E+01   0.242550E+00
    0.918301E+01   0.956012E+01   0.101825E+02   0.107095E+02   0.111705E+02
    0.115699E+02   0.119053E+02   0.122065E+02   0.125518E+02   0.129972E+02
    0.135112E+02   0.140298E+02   0.145343E+02   0.150484E+02   0.156519E+02
    0.170130E+02   0.164697E+02   0.179094E+02   0.162903E+02   0.165829E+02
    0.150596E+02   0.143252E+02   0.137225E+02   0.131843E+02   0.126855E+02
    0.122142E+02   0.117635E+02   0.113276E+02   0.109014E+02   0.104811E+02
    0.100634E+02   0.964663E+01   0.923166E+01   0.882048E+01   0.841412E+01
    0.801340E+01   0.761989E+01   0.723575E+01   0.686378E+01   0.650668E+01
    0.617143E+01   0.585463E+01   0.554552E+01   0.524922E+01   0.496231E+01
    0.468134E+01   0.440262E+01   0.412195E+01   0.383535E+01   0.353873E+01
    0.323241E+01   0.291935E+01   0.259460E+01   0.225433E+01   0.190718E+01
    0.156229E+01   0.683031E+00
    0.912447E+01   0.948083E+01   0.100920E+02   0.106033E+02   0.110423E+02
    0.114145E+02   0.117201E+02   0.119903E+02   0.122994E+02   0.127043E+02
    0.131868E+02   0.136855E+02   0.141678E+02   0.146339E+02   0.151171E+02
    0.157002E+02   0.170424E+02   0.165324E+02   0.179528E+02   0.163496E+02
    0.166168E+02   0.150947E+02   0.143633E+02   0.137642E+02   0.132299E+02
    0.127351E+02   0.122670E+02   0.118178E+02   0.113811E+02   0.109528E+02
    0.105292E+02   0.101088E+02   0.969199E+01   0.928033E+01   0.887466E+01
    0.847565E+01   0.808455E+01   0.770304E+01   0.733342E+01   0.697794E+01
    0.664150E+01   0.632200E+01   0.601200E+01   0.571406E+01   0.542516E+01
    0.514233E+01   0.486215E+01   0.458069E+01   0.429419E+01   0.399863E+01
    0.369403E+01   0.338287E+01   0.305977E+01   0.272064E+01   0.237403E+01
    0.202916E+01   0.114978E+01
    0.909734E+01   0.943827E+01   0.100293E+02   0.105162E+02   0.109281E+02
    0.112754E+02   0.115611E+02   0.118145E+02   0.121043E+02   0.124834E+02
    0.129375E+02   0.134102E+02   0.138678E+02   0.143015E+02   0.147265E+02
    0.151820E+02   0.157431E+02   0.170703E+02   0.165882E+02   0.179969E+02
    0.164186E+02   0.166507E+02   0.151283E+02   0.143996E+02   0.138050E+02
    0.132756E+02   0.127854E+02   0.123209E+02   0.118737E+02   0.114383E+02
    0.110105E+02   0.105881E+02   0.101706E+02   0.975911E+01   0.935405E+01
    0.895599E+01   0.856606E+01   0.818579E+01   0.781719E+01   0.746227E+01
    0.712465E+01   0.680293E+01   0.649175E+01   0.619244E+01   0.590235E+01
    0.561877E+01   0.533853E+01   0.505792E+01   0.477359E+01   0.448173E+01
    0.418180E+01   0.387532E+01   0.355610E+01   0.321953E+01   0.287401E+01
    0.252907E+01   0.164938E+01
    0.910082E+01   0.942634E+01   0.999991E+01   0.104635E+02   0.108516E+02
    0.111790E+02   0.114486E+02   0.116874E+02   0.119620E+02   0.123236E+02
    0.127564E+02   0.132040E+02   0.136340E+02   0.140372E+02   0.144214E+02
    0.148115E+02   0.152410E+02   0.157817E+02   0.170996E+02   0.166558E+02
    0.180431E+02   0.164780E+02   0.166865E+02   0.151691E+02   0.144421E+02
    0.138511E+02   0.133263E+02   0.128404E+02   0.123793E+02   0.119350E+02
    0.115016E+02   0.110756E+02   0.106560E+02   0.102431E+02   0.983696E+01
    0.943792E+01   0.904707E+01   0.866608E+01   0.829707E+01   0.794212E+01
    0.760431E+01   0.728274E+01   0.697317E+01   0.667608E+01   0.638858E+01
    0.610772E+01   0.583025E+01   0.555249E+01   0.527121E+01   0.498253E+01
    0.468569E+01   0.438197E+01   0.406515E+01   0.373059E+01   0.338651E+01
    0.304226E+01   0.216275E+01
    0.913294E+01   0.942504E+01   0.997807E+01   0.104144E+02   0.107766E+02
    0.110855E+02   0.113434E+02   0.115735E+02   0.118388E+02   0.121871E+02
    0.126011E+02   0.130248E+02   0.134290E+02   0.138059E+02   0.141599E+02
    0.145096E+02   0.148754E+02   0.152866E+02   0.158149E+02   0.171346E+02
    0.167178E+02   0.180908E+02   0.165347E+02   0.167279E+02   0.152222E+02
    0.144967E+02   0.139091E+02   0.133881E+02   0.129055E+02   0.124473E+02
    0.120050E+02   0.115732E+02   0.111499E+02   0.107346E+02   0.103271E+02
    0.992722E+01   0.953608E+01   0.915510E+01   0.878626E+01   0.843147E+01
    0.809324E+01   0.777096E+01   0.746126E+01   0.716408E+01   0.687657E+01
    0.659585E+01   0.631872E+01   0.604158E+01   0.576126E+01   0.547391E+01
    0.517863E+01   0.487658E+01   0.456142E+01   0.422842E+01   0.388558E+01
    0.354206E+01   0.266279E+01
    0.915944E+01   0.942954E+01   0.996391E+01   0.103748E+02   0.107133E+02
    0.110061E+02   0.112539E+02   0.114762E+02   0.117329E+02   0.120687E+02
    0.124647E+02   0.128654E+02   0.132450E+02   0.135982E+02   0.139280E+02
    0.142493E+02   0.145772E+02   0.149269E+02   0.153270E+02   0.158540E+02
    0.171778E+02   0.167786E+02   0.181423E+02   0.165944E+02   0.167750E+02
    0.152865E+02   0.145643E+02   0.139801E+02   0.134620E+02   0.129823E+02
    0.125262E+02   0.120855E+02   0.116563E+02   0.112371E+02   0.108269E+02
    0.104253E+02   0.100329E+02   0.965100E+01   0.928132E+01   0.892556E+01
    0.858586E+01   0.826182E+01   0.795074E+01   0.765221E+01   0.736351E+01
    0.708183E+01   0.680407E+01   0.652668E+01   0.624654E+01   0.595976E+01
    0.566534E+01   0.536424E+01   0.505013E+01   0.471820E+01   0.437627E+01
    0.403334E+01   0.315429E+01
    0.917421E+01   0.943307E+01   0.995391E+01   0.103466E+02   0.106672E+02
    0.109455E+02   0.111819E+02   0.113948E+02   0.116429E+02   0.119671E+02
    0.123455E+02   0.127234E+02   0.130784E+02   0.134085E+02   0.137163E+02
    0.140150E+02   0.143166E+02   0.146304E+02   0.149701E+02   0.153679E+02
    0.159011E+02   0.172223E+02   0.168380E+02   0.181933E+02   0.166548E+02
    0.168210E+02   0.153518E+02   0.146350E+02   0.140544E+02   0.135395E+02
    0.130621E+02   0.126079E+02   0.121699E+02   0.117448E+02   0.113305E+02
    0.109261E+02   0.105316E+02   0.101481E+02   0.977679E+01   0.941930E+01
    0.907736E+01   0.875076E+01   0.843734E+01   0.813644E+01   0.784552E+01
    0.756191E+01   0.728256E+01   0.700396E+01   0.672299E+01   0.643575E+01
    0.614118E+01   0.584024E+01   0.552652E+01   0.519521E+01   0.485393E+01
    0.451146E+01   0.363261E+01
    0.916169E+01   0.943061E+01   0.994544E+01   0.103265E+02   0.106304E+02
    0.108901E+02   0.111123E+02   0.113198E+02   0.115674E+02   0.118861E+02
    0.122492E+02   0.126037E+02   0.129327E+02   0.132389E+02   0.135248E+02
    0.138027E+02   0.140834E+02   0.143725E+02   0.146772E+02   0.150146E+02
    0.154156E+02   0.159569E+02   0.172661E+02   0.168978E+02   0.182435E+02
    0.167156E+02   0.168656E+02   0.154134E+02   0.147030E+02   0.141269E+02
    0.136154E+02   0.131407E+02   0.126899E+02   0.122564E+02   0.118365E+02
    0.114280E+02   0.110305E+02   0.106442E+02   0.102702E+02   0.990975E+01
    0.956447E+01   0.923432E+01   0.891757E+01   0.861347E+01   0.831965E+01
    0.803356E+01   0.775225E+01   0.747222E+01   0.719039E+01   0.690280E+01
    0.660826E+01   0.630754E+01   0.599418E+01   0.566333E+01   0.532251E+01
    0.498038E+01   0.410167E+01
    0.913180E+01   0.942848E+01   0.994431E+01   0.103231E+02   0.106156E+02
    0.108567E+02   0.110630E+02   0.112653E+02   0.115141E+02   0.118287E+02
    0.121772E+02   0.125088E+02   0.128118E+02   0.130931E+02   0.133561E+02
    0.136124E+02   0.138730E+02   0.141419E+02   0.144228E+02   0.147256E+02
    0.150652E+02   0.154722E+02   0.160187E+02   0.173092E+02   0.169585E+02
    0.182937E+02   0.167753E+02   0.169104E+02   0.154687E+02   0.147661E+02
    0.141954E+02   0.136883E+02   0.132183E+02   0.127731E+02   0.123457E+02
    0.119323E+02   0.115313E+02   0.111422E+02   0.107656E+02   0.104025E+02
    0.100541E+02   0.972051E+01   0.940023E+01   0.909245E+01   0.879513E+01
    0.850597E+01   0.822212E+01   0.794015E+01   0.765709E+01   0.736904E+01
    0.707465E+01   0.677430E+01   0.646112E+01   0.613001E+01   0.578858E+01
    0.544576E+01   0.456665E+01
    0.911577E+01   0.943702E+01   0.994417E+01   0.103165E+02   0.105992E+02
    0.108289E+02   0.110275E+02   0.112284E+02   0.114767E+02   0.117843E+02
    0.121178E+02   0.124279E+02   0.127062E+02   0.129632E+02   0.132031E+02
    0.134377E+02   0.136790E+02   0.139307E+02   0.141939E+02   0.144748E+02
    0.147803E+02   0.151251E+02   0.155380E+02   0.160828E+02   0.173529E+02
    0.170187E+02   0.183448E+02   0.168342E+02   0.169584E+02   0.155212E+02
    0.148249E+02   0.142596E+02   0.137579E+02   0.132940E+02   0.128552E+02
    0.124347E+02   0.120292E+02   0.116370E+02   0.112581E+02   0.108929E+02
    0.105423E+02   0.102062E+02   0.988311E+01   0.957220E+01   0.927162E+01
    0.897936E+01   0.869263E+01   0.840801E+01   0.812256E+01   0.783259E+01
    0.753690E+01   0.723581E+01   0.692212E+01   0.659043E+01   0.624829E+01
    0.590478E+01   0.502533E+01
    0.907307E+01   0.942682E+01   0.993384E+01   0.103090E+02   0.105899E+02
    0.108125E+02   0.110026E+02   0.111964E+02   0.114386E+02   0.117378E+02
    0.120583E+02   0.123504E+02   0.126074E+02   0.128424E+02   0.130606E+02
    0.132748E+02   0.134982E+02   0.137349E+02   0.139844E+02   0.142504E+02
    0.145352E+02   0.148456E+02   0.151963E+02   0.156098E+02   0.161459E+02
    0.173996E+02   0.170791E+02   0.183986E+02   0.168922E+02   0.170129E+02
    0.155743E+02   0.148821E+02   0.143220E+02   0.138264E+02   0.133691E+02
    0.129376E+02   0.125253E+02   0.121287E+02   0.117469E+02   0.113797E+02
    0.110275E+02   0.106897E+02   0.103650E+02   0.100521E+02   0.974945E+01
    0.945504E+01   0.916605E+01   0.887895E+01   0.859077E+01   0.829803E+01
    0.799992E+01   0.769709E+01   0.738219E+01   0.704953E+01   0.670658E+01
    0.636246E+01   0.548272E+01
    0.903764E+01   0.941799E+01   0.992182E+01   0.102958E+02   0.105732E+02
    0.107912E+02   0.109764E+02   0.111646E+02   0.113996E+02   0.116895E+02
    0.119975E+02   0.122740E+02   0.125125E+02   0.127282E+02   0.129265E+02
    0.131214E+02   0.133282E+02   0.135514E+02   0.137898E+02   0.140451E+02
    0.143163E+02   0.146059E+02   0.149220E+02   0.152741E+02   0.156816E+02
    0.162048E+02   0.174505E+02   0.171384E+02   0.184556E+02   0.169507E+02
    0.170741E+02   0.156305E+02   0.149411E+02   0.143864E+02   0.138971E+02
    0.134470E+02   0.130236E+02   0.126202E+02   0.122340E+02   0.118639E+02
    0.115096E+02   0.111701E+02   0.108437E+02   0.105289E+02   0.102241E+02
    0.992744E+01   0.963607E+01   0.934637E+01   0.905534E+01   0.875967E+01
    0.845895E+01   0.815410E+01   0.783763E+01   0.750364E+01   0.715958E+01
    0.681467E+01   0.593457E+01
    0.897680E+01   0.938025E+01   0.988490E+01   0.102595E+02   0.105386E+02
    0.107575E+02   0.109376E+02   0.111125E+02   0.113313E+02   0.116079E+02
    0.119056E+02   0.121722E+02   0.123995E+02   0.126026E+02   0.127877E+02
    0.129696E+02   0.131648E+02   0.133782E+02   0.136081E+02   0.138555E+02
    0.141173E+02   0.143933E+02   0.146881E+02   0.150055E+02   0.153523E+02
    0.157494E+02   0.162609E+02   0.175075E+02   0.171980E+02   0.185164E+02
    0.170098E+02   0.171418E+02   0.156917E+02   0.150038E+02   0.144530E+02
    0.139688E+02   0.135243E+02   0.131072E+02   0.127116E+02   0.123351E+02
    0.119767E+02   0.116352E+02   0.113084E+02   0.109943E+02   0.106908E+02
    0.103955E+02   0.101053E+02   0.981619E+01   0.952500E+01   0.922822E+01
    0.892569E+01   0.861885E+01   0.830074E+01   0.796573E+01   0.762132E+01
    0.727648E+01   0.639649E+01
    0.893519E+01   0.933214E+01   0.985334E+01   0.102408E+02   0.105317E+02
    0.107522E+02   0.109159E+02   0.110583E+02   0.112434E+02   0.114989E+02
    0.117866E+02   0.120465E+02   0.122664E+02   0.124608E+02   0.126372E+02
    0.128119E+02   0.130017E+02   0.132104E+02   0.134360E+02   0.136790E+02
    0.139351E+02   0.142020E+02   0.144828E+02   0.147786E+02   0.150910E+02
    0.154286E+02   0.158146E+02   0.163193E+02   0.175725E+02   0.172604E+02
    0.185830E+02   0.170725E+02   0.172171E+02   0.157618E+02   0.150729E+02
    0.145237E+02   0.140424E+02   0.136025E+02   0.131921E+02   0.128062E+02
    0.124423E+02   0.120984E+02   0.117719E+02   0.114600E+02   0.111594E+02
    0.108671E+02   0.105793E+02   0.102915E+02   0.100001E+02   0.970145E+01
    0.939593E+01   0.908608E+01   0.876582E+01   0.842993E+01   0.808572E+01
    0.774162E+01   0.686214E+01
    0.894347E+01   0.933363E+01   0.985871E+01   0.102456E+02   0.105311E+02
    0.107380E+02   0.108784E+02   0.109907E+02   0.111471E+02   0.113838E+02
    0.116621E+02   0.119162E+02   0.121300E+02   0.123176E+02   0.124875E+02
    0.126576E+02   0.128444E+02   0.130506E+02   0.132739E+02   0.135143E+02
    0.137666E+02   0.140273E+02   0.142985E+02   0.145801E+02   0.148716E+02
    0.151762E+02   0.155042E+02   0.158825E+02   0.163865E+02   0.176493E+02
    0.173300E+02   0.186590E+02   0.171433E+02   0.173036E+02   0.158489E+02
    0.151580E+02   0.146098E+02   0.141325E+02   0.136998E+02   0.133004E+02
    0.129286E+02   0.125807E+02   0.122529E+02   0.119413E+02   0.116421E+02
    0.113511E+02   0.110640E+02   0.107760E+02   0.104830E+02   0.101812E+02
    0.987173E+01   0.955828E+01   0.923561E+01   0.889874E+01   0.855471E+01
    0.821143E+01   0.733254E+01
    0.888361E+01   0.928425E+01   0.980833E+01   0.101928E+02   0.104716E+02
    0.106668E+02   0.107920E+02   0.108877E+02   0.110295E+02   0.112567E+02
    0.115300E+02   0.117804E+02   0.119897E+02   0.121718E+02   0.123366E+02
    0.125030E+02   0.126877E+02   0.128925E+02   0.131147E+02   0.133537E+02
    0.136038E+02   0.138606E+02   0.141254E+02   0.143977E+02   0.146758E+02
    0.149606E+02   0.152569E+02   0.155774E+02   0.159524E+02   0.164591E+02
    0.177316E+02   0.174017E+02   0.187392E+02   0.172194E+02   0.173955E+02
    0.159485E+02   0.152581E+02   0.147128E+02   0.142423E+02   0.138207E+02
    0.134357E+02   0.130801E+02   0.127483E+02   0.124349E+02   0.121349E+02
    0.118436E+02   0.115560E+02   0.112671E+02   0.109721E+02   0.106673E+02
    0.103542E+02   0.100375E+02   0.971259E+01   0.937462E+01   0.903047E+01
    0.868771E+01   0.780926E+01
    0.876192E+01   0.917884E+01   0.970140E+01   0.100843E+02   0.103589E+02
    0.105484E+02   0.106694E+02   0.107647E+02   0.109090E+02   0.111379E+02
    0.114105E+02   0.116582E+02   0.118628E+02   0.120392E+02   0.121976E+02
    0.123579E+02   0.125380E+02   0.127399E+02   0.129603E+02   0.131981E+02
    0.134466E+02   0.137007E+02   0.139611E+02   0.142270E+02   0.144963E+02
    0.147687E+02   0.150460E+02   0.153348E+02   0.156508E+02   0.160247E+02
    0.165372E+02   0.178177E+02   0.174763E+02   0.188231E+02   0.173011E+02
    0.174908E+02   0.160583E+02   0.153744E+02   0.148365E+02   0.143770E+02
    0.139694E+02   0.135998E+02   0.132590E+02   0.129395E+02   0.126354E+02
    0.123410E+02   0.120510E+02   0.117598E+02   0.114627E+02   0.111555E+02
    0.108400E+02   0.105211E+02   0.101944E+02   0.985513E+01   0.951013E+01
    0.916706E+01   0.828861E+01
    0.857979E+01   0.902907E+01   0.955020E+01   0.993198E+01   0.102045E+02
    0.103937E+02   0.105200E+02   0.106278E+02   0.107869E+02   0.110249E+02
    0.112995E+02   0.115452E+02   0.117457E+02   0.119165E+02   0.120682E+02
    0.122214E+02   0.123954E+02   0.125933E+02   0.128116E+02   0.130482E+02
    0.132955E+02   0.135478E+02   0.138051E+02   0.140665E+02   0.143296E+02
    0.145936E+02   0.148590E+02   0.151290E+02   0.154126E+02   0.157253E+02
    0.161002E+02   0.166220E+02   0.179069E+02   0.175551E+02   0.189100E+02
    0.173880E+02   0.175870E+02   0.161728E+02   0.155023E+02   0.149766E+02
    0.145307E+02   0.141372E+02   0.137806E+02   0.134503E+02   0.131384E+02
    0.128382E+02   0.125440E+02   0.122496E+02   0.119500E+02   0.116410E+02
    0.113239E+02   0.110036E+02   0.106756E+02   0.103349E+02   0.998882E+01
    0.964509E+01   0.876643E+01
    0.842713E+01   0.887250E+01   0.939074E+01   0.977343E+01   0.100480E+02
    0.102427E+02   0.103827E+02   0.105143E+02   0.106977E+02   0.109482E+02
    0.112234E+02   0.114640E+02   0.116573E+02   0.118200E+02   0.119621E+02
    0.121044E+02   0.122688E+02   0.124599E+02   0.126746E+02   0.129096E+02
    0.131558E+02   0.134066E+02   0.136614E+02   0.139191E+02   0.141775E+02
    0.144353E+02   0.146925E+02   0.149504E+02   0.152144E+02   0.154932E+02
    0.158038E+02   0.161841E+02   0.167175E+02   0.180000E+02   0.176414E+02
    0.190018E+02   0.174827E+02   0.176847E+02   0.162892E+02   0.156390E+02
    0.151294E+02   0.146977E+02   0.143161E+02   0.139683E+02   0.136437E+02
    0.133342E+02   0.130331E+02   0.127339E+02   0.124313E+02   0.121206E+02
    0.118027E+02   0.114818E+02   0.111527E+02   0.108106E+02   0.104627E+02
    0.101175E+02   0.923816E+01
    0.829870E+01   0.871937E+01   0.923264E+01   0.961542E+01   0.989303E+01
    0.100948E+02   0.102493E+02   0.104027E+02   0.106065E+02   0.108670E+02
    0.111425E+02   0.113789E+02   0.115665E+02   0.117226E+02   0.118571E+02
    0.119911E+02   0.121481E+02   0.123344E+02   0.125467E+02   0.127809E+02
    0.130268E+02   0.132768E+02   0.135297E+02   0.137846E+02   0.140391E+02
    0.142922E+02   0.145436E+02   0.147935E+02   0.150449E+02   0.153031E+02
    0.155781E+02   0.158912E+02   0.162387E+02   0.167880E+02   0.180811E+02
    0.177263E+02   0.190884E+02   0.175740E+02   0.177834E+02   0.163991E+02
    0.157728E+02   0.152804E+02   0.148617E+02   0.144892E+02   0.141472E+02
    0.138252E+02   0.135151E+02   0.132096E+02   0.129028E+02   0.125895E+02
    0.122701E+02   0.119480E+02   0.116179E+02   0.112744E+02   0.109253E+02
    0.105790E+02   0.969913E+01
    0.822479E+01   0.858761E+01   0.908990E+01   0.946948E+01   0.974875E+01
    0.995753E+01   0.101257E+02   0.102976E+02   0.105170E+02   0.107843E+02
    0.110594E+02   0.112921E+02   0.114748E+02   0.116255E+02   0.117539E+02
    0.118815E+02   0.120332E+02   0.122161E+02   0.124271E+02   0.126616E+02
    0.129080E+02   0.131577E+02   0.134094E+02   0.136617E+02   0.139129E+02
    0.141621E+02   0.144090E+02   0.146531E+02   0.148961E+02   0.151411E+02
    0.153946E+02   0.156703E+02   0.159764E+02   0.162649E+02   0.168151E+02
    0.181391E+02   0.178037E+02   0.191649E+02   0.176546E+02   0.178834E+02
    0.164963E+02   0.158934E+02   0.154173E+02   0.150095E+02   0.146440E+02
    0.143058E+02   0.139842E+02   0.136707E+02   0.133584E+02   0.130417E+02
    0.127200E+02   0.123964E+02   0.120650E+02   0.117204E+02   0.113702E+02
    0.110232E+02   0.101430E+02
    0.826386E+01   0.849453E+01   0.897569E+01   0.934518E+01   0.962187E+01
    0.983449E+01   0.100125E+02   0.101976E+02   0.104286E+02   0.107013E+02
    0.109766E+02   0.112069E+02   0.113859E+02   0.115323E+02   0.116557E+02
    0.117781E+02   0.119255E+02   0.121058E+02   0.123162E+02   0.125511E+02
    0.127984E+02   0.130483E+02   0.132990E+02   0.135491E+02   0.137974E+02
    0.140432E+02   0.142864E+02   0.145262E+02   0.147632E+02   0.149993E+02
    0.152390E+02   0.154921E+02   0.157749E+02   0.160425E+02   0.160927E+02
    0.166711E+02   0.181263E+02   0.178410E+02   0.192023E+02   0.176940E+02
    0.179848E+02   0.165797E+02   0.159956E+02   0.155323E+02   0.151325E+02
    0.147713E+02   0.144337E+02   0.141090E+02   0.137889E+02   0.134669E+02
    0.131417E+02   0.128156E+02   0.124823E+02   0.121363E+02   0.117851E+02
    0.114375E+02   0.105571E+02
    0.817482E+01   0.834394E+01   0.882151E+01   0.919373E+01   0.947801E+01
    0.970064E+01   0.989036E+01   0.100885E+02   0.103309E+02   0.106105E+02
    0.108882E+02   0.111180E+02   0.112949E+02   0.114384E+02   0.115586E+02
    0.116783E+02   0.118238E+02   0.120032E+02   0.122138E+02   0.124499E+02
    0.126982E+02   0.129484E+02   0.131980E+02   0.134459E+02   0.136910E+02
    0.139335E+02   0.141733E+02   0.144094E+02   0.146421E+02   0.148723E+02
    0.151031E+02   0.153422E+02   0.156015E+02   0.158952E+02   0.160241E+02
    0.160519E+02   0.165610E+02   0.180879E+02   0.178805E+02   0.192469E+02
    0.177348E+02   0.180930E+02   0.166488E+02   0.160748E+02   0.156196E+02
    0.152247E+02   0.148649E+02   0.145248E+02   0.141941E+02   0.138646E+02
    0.135343E+02   0.132046E+02   0.128690E+02   0.125215E+02   0.121694E+02
    0.118214E+02   0.109410E+02
    0.807593E+01   0.822464E+01   0.869842E+01   0.907050E+01   0.935888E+01
    0.959048E+01   0.979236E+01   0.100029E+02   0.102554E+02   0.105418E+02
    0.108231E+02   0.110535E+02   0.112285E+02   0.113686E+02   0.114839E+02
    0.115971E+02   0.117362E+02   0.119108E+02   0.121190E+02   0.123547E+02
    0.126034E+02   0.128535E+02   0.131019E+02   0.133476E+02   0.135898E+02
    0.138291E+02   0.140656E+02   0.142985E+02   0.145277E+02   0.147536E+02
    0.149788E+02   0.152091E+02   0.154539E+02   0.157237E+02   0.160085E+02
    0.159300E+02   0.158392E+02   0.164483E+02   0.179971E+02   0.178971E+02
    0.192713E+02   0.177526E+02   0.181844E+02   0.166729E+02   0.161040E+02
    0.156661E+02   0.152973E+02   0.149383E+02   0.145949E+02   0.142573E+02
    0.139218E+02   0.135887E+02   0.132506E+02   0.129012E+02   0.125477E+02
    0.121986E+02   0.113176E+02
    0.793829E+01   0.806429E+01   0.853434E+01   0.890755E+01   0.920199E+01
    0.944299E+01   0.965516E+01   0.987465E+01   0.101354E+02   0.104307E+02
    0.107204E+02   0.109564E+02   0.111337E+02   0.112741E+02   0.113892E+02
    0.115030E+02   0.116433E+02   0.118185E+02   0.120270E+02   0.122633E+02
    0.125127E+02   0.127630E+02   0.130106E+02   0.132543E+02   0.134942E+02
    0.137310E+02   0.139653E+02   0.141962E+02   0.144231E+02   0.146461E+02
    0.148673E+02   0.150918E+02   0.153276E+02   0.155426E+02   0.158155E+02
    0.160722E+02   0.158078E+02   0.158383E+02   0.163590E+02   0.178304E+02
    0.179097E+02   0.193006E+02   0.177672E+02   0.183011E+02   0.166992E+02
    0.161243E+02   0.156947E+02   0.153196E+02   0.149419E+02   0.146193E+02
    0.142874E+02   0.139466E+02   0.136032E+02   0.132507E+02   0.128955E+02
    0.125456E+02   0.116642E+02
    0.774744E+01   0.784818E+01   0.832662E+01   0.871460E+01   0.902902E+01
    0.928934E+01   0.951637E+01   0.974498E+01   0.100114E+02   0.103122E+02
    0.106078E+02   0.108481E+02   0.110276E+02   0.111690E+02   0.112856E+02
    0.114027E+02   0.115472E+02   0.117261E+02   0.119374E+02   0.121758E+02
    0.123801E+02   0.126309E+02   0.128778E+02   0.131199E+02   0.133707E+02
    0.136349E+02   0.138712E+02   0.141004E+02   0.143256E+02   0.145467E+02
    0.147655E+02   0.149866E+02   0.152172E+02   0.154222E+02   0.155728E+02
    0.158356E+02   0.159877E+02   0.156835E+02   0.156750E+02   0.163481E+02
    0.178058E+02   0.179127E+02   0.193272E+02   0.177734E+02   0.183583E+02
    0.166043E+02   0.160137E+02   0.156130E+02   0.152631E+02   0.148522E+02
    0.145724E+02   0.142584E+02   0.139077E+02   0.135505E+02   0.131924E+02
    0.128405E+02   0.119582E+02
    0.752542E+01   0.761380E+01   0.810785E+01   0.851762E+01   0.885984E+01
    0.914568E+01   0.938944E+01   0.962528E+01   0.989447E+01   0.101993E+02
    0.105007E+02   0.107458E+02   0.109282E+02   0.110713E+02   0.111901E+02
    0.113116E+02   0.114617E+02   0.116451E+02   0.118596E+02   0.121000E+02
    0.123520E+02   0.124827E+02   0.127290E+02   0.129696E+02   0.132054E+02
    0.134870E+02   0.137825E+02   0.140183E+02   0.142425E+02   0.144625E+02
    0.146798E+02   0.148989E+02   0.151261E+02   0.153667E+02   0.155200E+02
    0.154096E+02   0.156109E+02   0.157127E+02   0.157781E+02   0.158865E+02
    0.165659E+02   0.180882E+02   0.180112E+02   0.194531E+02   0.178764E+02
    0.184949E+02   0.167487E+02   0.161345E+02   0.156690E+02   0.150731E+02
    0.145408E+02   0.144569E+02   0.142090E+02   0.138447E+02   0.134820E+02
    0.131270E+02   0.122432E+02
    0.732826E+01   0.743036E+01   0.794234E+01   0.837383E+01   0.874159E+01
    0.904914E+01   0.930619E+01   0.954757E+01   0.981880E+01   0.101261E+02
    0.104309E+02   0.106787E+02   0.108623E+02   0.110057E+02   0.111253E+02
    0.112488E+02   0.114017E+02   0.115874E+02   0.118036E+02   0.120453E+02
    0.122981E+02   0.125496E+02   0.124768E+02   0.127159E+02   0.129501E+02
    0.131815E+02   0.135408E+02   0.139373E+02   0.141802E+02   0.143994E+02
    0.146158E+02   0.148335E+02   0.150583E+02   0.152948E+02   0.155425E+02
    0.154906E+02   0.151929E+02   0.153316E+02   0.153794E+02   0.156385E+02
    0.160858E+02   0.167941E+02   0.184288E+02   0.180970E+02   0.195663E+02
    0.179667E+02   0.185238E+02   0.167165E+02   0.160728E+02   0.155755E+02
    0.149184E+02   0.143146E+02   0.142984E+02   0.140469E+02   0.136767E+02
    0.133165E+02   0.124303E+02
    0.713963E+01   0.728359E+01   0.781450E+01   0.826772E+01   0.865871E+01
    0.898505E+01   0.925358E+01   0.950050E+01   0.977498E+01   0.100852E+02
    0.103927E+02   0.106420E+02   0.108254E+02   0.109681E+02   0.110869E+02
    0.112100E+02   0.113625E+02   0.115483E+02   0.117649E+02   0.120074E+02
    0.122611E+02   0.124941E+02   0.127116E+02   0.127084E+02   0.129557E+02
    0.132219E+02   0.134576E+02   0.138235E+02   0.141270E+02   0.143534E+02
    0.145694E+02   0.147865E+02   0.150101E+02   0.152438E+02   0.154646E+02
    0.156851E+02   0.156472E+02   0.151794E+02   0.152513E+02   0.152958E+02
    0.157320E+02   0.163303E+02   0.169627E+02   0.187160E+02   0.182990E+02
    0.197947E+02   0.181741E+02   0.188155E+02   0.170313E+02   0.163527E+02
    0.158244E+02   0.151561E+02   0.145324E+02   0.144902E+02   0.142181E+02
    0.138496E+02   0.129596E+02
    0.699788E+01   0.718245E+01   0.772691E+01   0.819556E+01   0.860127E+01
    0.893891E+01   0.921484E+01   0.946610E+01   0.974337E+01   0.100556E+02
    0.103647E+02   0.106148E+02   0.107979E+02   0.109397E+02   0.110575E+02
    0.111792E+02   0.113304E+02   0.115154E+02   0.117322E+02   0.119756E+02
    0.121839E+02   0.124365E+02   0.126315E+02   0.127920E+02   0.129087E+02
    0.131734E+02   0.134872E+02   0.137289E+02   0.140134E+02   0.142971E+02
    0.145246E+02   0.147379E+02   0.149630E+02   0.152015E+02   0.154400E+02
    0.155784E+02   0.157373E+02   0.155932E+02   0.150140E+02   0.150047E+02
    0.150971E+02   0.156309E+02   0.163129E+02   0.170586E+02   0.188107E+02
    0.183932E+02   0.199116E+02   0.182726E+02   0.189652E+02   0.172499E+02
    0.165326E+02   0.159993E+02   0.154686E+02   0.148680E+02   0.146912E+02
    0.143459E+02   0.134501E+02
    0.689861E+01   0.711252E+01   0.766472E+01   0.814097E+01   0.855117E+01
    0.889144E+01   0.917140E+01   0.942864E+01   0.971164E+01   0.100277E+02
    0.103396E+02   0.105921E+02   0.107768E+02   0.109192E+02   0.110362E+02
    0.111547E+02   0.113012E+02   0.114824E+02   0.116973E+02   0.119409E+02
    0.121968E+02   0.123298E+02   0.125753E+02   0.126584E+02   0.126169E+02
    0.128032E+02   0.131556E+02   0.136426E+02   0.139096E+02   0.141715E+02
    0.144060E+02   0.146411E+02   0.148530E+02   0.150884E+02   0.153408E+02
    0.155740E+02   0.155098E+02   0.154734E+02   0.153237E+02   0.148340E+02
    0.149186E+02   0.151012E+02   0.156808E+02   0.163719E+02   0.171944E+02
    0.188713E+02   0.184439E+02   0.199809E+02   0.183286E+02   0.190360E+02
    0.174118E+02   0.166580E+02   0.161051E+02   0.156079E+02   0.151351E+02
    0.148148E+02   0.139236E+02
    0.678954E+01   0.702611E+01   0.758795E+01   0.807314E+01   0.848899E+01
    0.883325E+01   0.911864E+01   0.938349E+01   0.967383E+01   0.999459E+01
    0.103092E+02   0.105640E+02   0.107504E+02   0.108942E+02   0.110121E+02
    0.111296E+02   0.112728E+02   0.114498E+02   0.116617E+02   0.119040E+02
    0.121136E+02   0.123677E+02   0.122604E+02   0.124969E+02   0.125305E+02
    0.123854E+02   0.126089E+02   0.130024E+02   0.135567E+02   0.138293E+02
    0.141174E+02   0.144034E+02   0.146978E+02   0.148729E+02   0.151213E+02
    0.154183E+02   0.156545E+02   0.152603E+02   0.150972E+02   0.149428E+02
    0.148234E+02   0.149782E+02   0.152745E+02   0.158862E+02   0.165881E+02
    0.173982E+02   0.189831E+02   0.184580E+02   0.200079E+02   0.183531E+02
    0.189647E+02   0.173640E+02   0.165746E+02   0.159896E+02   0.154918E+02
    0.150824E+02   0.141937E+02
    0.668987E+01   0.696508E+01   0.756532E+01   0.808722E+01   0.851923E+01
    0.886502E+01   0.915048E+01   0.941529E+01   0.969881E+01   0.100062E+02
    0.103081E+02   0.105533E+02   0.107317E+02   0.108685E+02   0.109793E+02
    0.110890E+02   0.112260E+02   0.114003E+02   0.116121E+02   0.118557E+02
    0.120666E+02   0.121948E+02   0.124409E+02   0.123526E+02   0.125807E+02
    0.125743E+02   0.123492E+02   0.125683E+02   0.129960E+02   0.136067E+02
    0.138855E+02   0.142136E+02   0.142382E+02   0.146034E+02   0.147462E+02
    0.149986E+02   0.153453E+02   0.156226E+02   0.150488E+02   0.148210E+02
    0.148347E+02   0.151327E+02   0.153557E+02   0.156912E+02   0.161993E+02
    0.169176E+02   0.177097E+02   0.191894E+02   0.185769E+02   0.201141E+02
    0.184829E+02   0.189887E+02   0.175090E+02   0.166955E+02   0.160695E+02
    0.155655E+02   0.147706E+02
    0.664524E+01   0.692555E+01   0.750097E+01   0.799681E+01   0.842766E+01
    0.879145E+01   0.909251E+01   0.936344E+01   0.965197E+01   0.996826E+01
    0.102797E+02   0.105325E+02   0.107163E+02   0.108568E+02   0.109711E+02
    0.110844E+02   0.112232E+02   0.113967E+02   0.116060E+02   0.118466E+02
    0.120549E+02   0.121809E+02   0.120172E+02   0.122520E+02   0.121443E+02
    0.123672E+02   0.123678E+02   0.122140E+02   0.124440E+02   0.128354E+02
    0.134137E+02   0.136960E+02   0.140804E+02   0.143033E+02   0.148348E+02
    0.148770E+02   0.151030E+02   0.155240E+02   0.158601E+02   0.152498E+02
    0.150389E+02   0.151451E+02   0.155479E+02   0.157521E+02   0.160907E+02
    0.164685E+02   0.172124E+02   0.178921E+02   0.192936E+02   0.187118E+02
    0.202300E+02   0.186352E+02   0.190587E+02   0.176803E+02   0.168667E+02
    0.161977E+02   0.150704E+02
  
 log(Bij)/0.540:
    0.155215E+02   0.153758E+02   0.158838E+02   0.163841E+02   0.168961E+02
    0.175008E+02   0.190333E+02   0.183168E+02   0.198827E+02   0.181261E+02
    0.186563E+02   0.170208E+02   0.163053E+02   0.157405E+02   0.152339E+02
    0.147590E+02   0.143092E+02   0.138872E+02   0.134981E+02   0.131472E+02
    0.128234E+02   0.125061E+02   0.121921E+02   0.118853E+02   0.115872E+02
    0.112955E+02   0.110050E+02   0.107075E+02   0.103945E+02   0.100594E+02
    0.969999E+01   0.931853E+01   0.892152E+01   0.851661E+01   0.810715E+01
    0.769494E+01   0.728433E+01   0.688185E+01   0.649506E+01   0.613036E+01
    0.579269E+01   0.548012E+01   0.518503E+01   0.490409E+01   0.463117E+01
    0.435987E+01   0.408278E+01   0.379189E+01   0.347981E+01   0.314280E+01
    0.278873E+01   0.243069E+01   0.206874E+01   0.170036E+01   0.133598E+01
    0.985416E+00   0.106483E+00
    0.153129E+02   0.150998E+02   0.155792E+02   0.160408E+02   0.164896E+02
    0.169566E+02   0.175272E+02   0.190766E+02   0.183357E+02   0.199388E+02
    0.182076E+02   0.187388E+02   0.171139E+02   0.163737E+02   0.157787E+02
    0.152440E+02   0.147456E+02   0.142813E+02   0.138570E+02   0.134787E+02
    0.131326E+02   0.127949E+02   0.124622E+02   0.121380E+02   0.118237E+02
    0.115174E+02   0.112138E+02   0.109052E+02   0.105831E+02   0.102408E+02
    0.987593E+01   0.949051E+01   0.909077E+01   0.868403E+01   0.827356E+01
    0.786108E+01   0.745079E+01   0.704891E+01   0.666272E+01   0.629840E+01
    0.596216E+01   0.565101E+01   0.535487E+01   0.507284E+01   0.479891E+01
    0.452684E+01   0.424943E+01   0.395885E+01   0.364788E+01   0.331280E+01
    0.296123E+01   0.260573E+01   0.224605E+01   0.187953E+01   0.151640E+01
    0.116635E+01   0.287500E+00
    0.152110E+02   0.149273E+02   0.153849E+02   0.158203E+02   0.162319E+02
    0.166328E+02   0.170479E+02   0.175908E+02   0.191091E+02   0.184202E+02
    0.199967E+02   0.183300E+02   0.187753E+02   0.172008E+02   0.164509E+02
    0.158388E+02   0.152908E+02   0.147867E+02   0.143271E+02   0.139202E+02
    0.135516E+02   0.131938E+02   0.128429E+02   0.125018E+02   0.121717E+02
    0.118508E+02   0.115342E+02   0.112148E+02   0.108839E+02   0.105353E+02
    0.101662E+02   0.977801E+01   0.937640E+01   0.896824E+01   0.855655E+01
    0.814301E+01   0.773173E+01   0.732883E+01   0.694148E+01   0.657586E+01
    0.623981E+01   0.592929E+01   0.563167E+01   0.534856E+01   0.507399E+01
    0.480177E+01   0.452484E+01   0.423556E+01   0.392698E+01   0.359534E+01
    0.324767E+01   0.289560E+01   0.253823E+01   0.217276E+01   0.180967E+01
    0.145900E+01   0.579671E+00
    0.151736E+02   0.148340E+02   0.152739E+02   0.156906E+02   0.160781E+02
    0.164380E+02   0.167720E+02   0.171241E+02   0.176405E+02   0.190568E+02
    0.185176E+02   0.199914E+02   0.184110E+02   0.187033E+02   0.171899E+02
    0.164503E+02   0.158497E+02   0.153176E+02   0.148359E+02   0.144065E+02
    0.140164E+02   0.136393E+02   0.132707E+02   0.129129E+02   0.125670E+02
    0.122314E+02   0.119016E+02   0.115707E+02   0.112307E+02   0.108752E+02
    0.105015E+02   0.101104E+02   0.970701E+01   0.929779E+01   0.888547E+01
    0.847158E+01   0.806004E+01   0.765677E+01   0.726883E+01   0.690242E+01
    0.656540E+01   0.625415E+01   0.595654E+01   0.567378E+01   0.539979E+01
    0.512830E+01   0.485245E+01   0.456484E+01   0.425864E+01   0.392990E+01
    0.358498E+01   0.323484E+01   0.287842E+01   0.251323E+01   0.215001E+01
    0.179897E+01   0.919367E+00
    0.151474E+02   0.147438E+02   0.151620E+02   0.155601E+02   0.159283E+02
    0.162596E+02   0.165429E+02   0.168011E+02   0.171242E+02   0.176482E+02
    0.189958E+02   0.185769E+02   0.199692E+02   0.184496E+02   0.186185E+02
    0.171553E+02   0.164321E+02   0.158462E+02   0.153333E+02   0.148788E+02
    0.144662E+02   0.140698E+02   0.136839E+02   0.133101E+02   0.129491E+02
    0.125995E+02   0.122571E+02   0.119152E+02   0.115661E+02   0.112038E+02
    0.108252E+02   0.104306E+02   0.100247E+02   0.961318E+01   0.919869E+01
    0.878254E+01   0.836856E+01   0.796267E+01   0.757198E+01   0.720293E+01
    0.686324E+01   0.655000E+01   0.625195E+01   0.596940E+01   0.569598E+01
    0.542525E+01   0.515037E+01   0.486410E+01   0.455958E+01   0.423266E+01
    0.388917E+01   0.353956E+01   0.318283E+01   0.281685E+01   0.245282E+01
    0.210121E+01   0.122133E+01
    0.151249E+02   0.146549E+02   0.150470E+02   0.154224E+02   0.157692E+02
    0.160741E+02   0.163184E+02   0.165174E+02   0.167475E+02   0.171015E+02
    0.176506E+02   0.189562E+02   0.186147E+02   0.199521E+02   0.184619E+02
    0.185572E+02   0.171264E+02   0.164148E+02   0.158427E+02   0.153510E+02
    0.149102E+02   0.144919E+02   0.140879E+02   0.136981E+02   0.133228E+02
    0.129601E+02   0.126060E+02   0.122538E+02   0.118964E+02   0.115281E+02
    0.111453E+02   0.107479E+02   0.103397E+02   0.992629E+01   0.950976E+01
    0.909129E+01   0.867459E+01   0.826554E+01   0.787142E+01   0.749898E+01
    0.715609E+01   0.684046E+01   0.654146E+01   0.625873E+01   0.598561E+01
    0.571546E+01   0.544150E+01   0.515663E+01   0.485401E+01   0.452925E+01
    0.418755E+01   0.383869E+01   0.348151E+01   0.311426E+01   0.274878E+01
    0.239604E+01   0.151563E+01
    0.150942E+02   0.145567E+02   0.149204E+02   0.152706E+02   0.155941E+02
    0.158732E+02   0.160836E+02   0.162379E+02   0.164111E+02   0.166870E+02
    0.170937E+02   0.176571E+02   0.189383E+02   0.186325E+02   0.199427E+02
    0.184634E+02   0.185237E+02   0.171051E+02   0.164031E+02   0.158460E+02
    0.153636E+02   0.149164E+02   0.144904E+02   0.140829E+02   0.136927E+02
    0.133173E+02   0.129522E+02   0.125906E+02   0.122257E+02   0.118524E+02
    0.114668E+02   0.110679E+02   0.106588E+02   0.102446E+02   0.982707E+01
    0.940719E+01   0.898852E+01   0.857680E+01   0.817935E+01   0.780328E+01
    0.745696E+01   0.713880E+01   0.683845E+01   0.655526E+01   0.628229E+01
    0.601278E+01   0.574016E+01   0.545762E+01   0.515850E+01   0.483804E+01
    0.450027E+01   0.415366E+01   0.379669E+01   0.342807E+01   0.306066E+01
    0.270623E+01   0.182490E+01
    0.150639E+02   0.144624E+02   0.147976E+02   0.151213E+02   0.154182E+02
    0.156686E+02   0.158456E+02   0.159615E+02   0.160923E+02   0.163208E+02
    0.166621E+02   0.170964E+02   0.176573E+02   0.189189E+02   0.186334E+02
    0.199284E+02   0.184550E+02   0.184961E+02   0.170835E+02   0.163946E+02
    0.158456E+02   0.153579E+02   0.149045E+02   0.144766E+02   0.140701E+02
    0.136813E+02   0.133047E+02   0.129334E+02   0.125609E+02   0.121823E+02
    0.117934E+02   0.113927E+02   0.109829E+02   0.105683E+02   0.101504E+02
    0.973028E+01   0.931108E+01   0.889828E+01   0.849906E+01   0.812057E+01
    0.777124E+01   0.745009E+01   0.714746E+01   0.686240E+01   0.658800E+01
    0.631760E+01   0.604490E+01   0.576337E+01   0.546647E+01   0.514926E+01
    0.481478E+01   0.447030E+01   0.411366E+01   0.374374E+01   0.337421E+01
    0.301774E+01   0.213537E+01
    0.150557E+02   0.144035E+02   0.147124E+02   0.150107E+02   0.152809E+02
    0.155035E+02   0.156508E+02   0.157342E+02   0.158287E+02   0.160168E+02
    0.163119E+02   0.166825E+02   0.171153E+02   0.176590E+02   0.189019E+02
    0.186415E+02   0.199215E+02   0.184558E+02   0.184800E+02   0.170772E+02
    0.163991E+02   0.158484E+02   0.153578E+02   0.149051E+02   0.144804E+02
    0.140772E+02   0.136887E+02   0.133076E+02   0.129274E+02   0.125431E+02
    0.121504E+02   0.117476E+02   0.113368E+02   0.109219E+02   0.105043E+02
    0.100849E+02   0.966674E+01   0.925478E+01   0.885583E+01   0.847675E+01
    0.812516E+01   0.780069E+01   0.749517E+01   0.720685E+01   0.692929E+01
    0.665625E+01   0.638170E+01   0.609928E+01   0.580270E+01   0.548698E+01
    0.515459E+01   0.481182E+01   0.445566E+01   0.408466E+01   0.371299E+01
    0.335424E+01   0.247065E+01
    0.150743E+02   0.143866E+02   0.146749E+02   0.149494E+02   0.151906E+02
    0.153834E+02   0.155037E+02   0.155647E+02   0.156374E+02   0.157968E+02
    0.160552E+02   0.163815E+02   0.167495E+02   0.171632E+02   0.176872E+02
    0.189077E+02   0.186786E+02   0.199416E+02   0.184896E+02   0.184899E+02
    0.170995E+02   0.164238E+02   0.158743E+02   0.153883E+02   0.149425E+02
    0.145243E+02   0.141244E+02   0.137341E+02   0.133465E+02   0.129566E+02
    0.125604E+02   0.121560E+02   0.117453E+02   0.113316E+02   0.109164E+02
    0.105005E+02   0.100863E+02   0.967800E+01   0.928139E+01   0.890286E+01
    0.854894E+01   0.822007E+01   0.790999E+01   0.761601E+01   0.733258E+01
    0.705443E+01   0.677612E+01   0.649172E+01   0.619528E+01   0.588177E+01
    0.555248E+01   0.521186E+01   0.485541E+01   0.448126E+01   0.410477E+01
    0.374137E+01   0.285537E+01
    0.151195E+02   0.143993E+02   0.146657E+02   0.149196E+02   0.151393E+02
    0.153106E+02   0.154098E+02   0.154504E+02   0.155014E+02   0.156343E+02
    0.158619E+02   0.161554E+02   0.164837E+02   0.168348E+02   0.172294E+02
    0.177364E+02   0.189324E+02   0.187339E+02   0.199846E+02   0.185521E+02
    0.185252E+02   0.171395E+02   0.164674E+02   0.159231E+02   0.154427E+02
    0.150010E+02   0.145837E+02   0.141803E+02   0.137828E+02   0.133856E+02
    0.129841E+02   0.125761E+02   0.121630E+02   0.117478E+02   0.113315E+02
    0.109152E+02   0.105010E+02   0.100930E+02   0.969692E+01   0.931870E+01
    0.896375E+01   0.863263E+01   0.832039E+01   0.802379E+01   0.773779E+01
    0.745742E+01   0.717725E+01   0.689122E+01   0.659369E+01   0.628005E+01
    0.595183E+01   0.561326E+01   0.525889E+01   0.488585E+01   0.450908E+01
    0.414449E+01   0.325768E+01
    0.151793E+02   0.144290E+02   0.146773E+02   0.149094E+02   0.151038E+02
    0.152500E+02   0.153280E+02   0.153530E+02   0.153911E+02   0.155072E+02
    0.157120E+02   0.159791E+02   0.162780E+02   0.165904E+02   0.169212E+02
    0.172966E+02   0.177835E+02   0.189554E+02   0.187910E+02   0.200295E+02
    0.186216E+02   0.185573E+02   0.171763E+02   0.165107E+02   0.159733E+02
    0.154981E+02   0.150588E+02   0.146404E+02   0.142328E+02   0.138291E+02
    0.134240E+02   0.130145E+02   0.126010E+02   0.121860E+02   0.117704E+02
    0.113550E+02   0.109421E+02   0.105353E+02   0.101402E+02   0.976205E+01
    0.940559E+01   0.907138E+01   0.875552E+01   0.845484E+01   0.816507E+01
    0.788187E+01   0.759995E+01   0.731340E+01   0.701720E+01   0.670723E+01
    0.638451E+01   0.605170E+01   0.570141E+01   0.532929E+01   0.495037E+01
    0.458205E+01   0.369293E+01
    0.152410E+02   0.144710E+02   0.147126E+02   0.149309E+02   0.151044E+02
    0.152259E+02   0.152803E+02   0.152857E+02   0.153068E+02   0.154053E+02
    0.155900E+02   0.158352E+02   0.161097E+02   0.163929E+02   0.166829E+02
    0.169925E+02   0.173488E+02   0.178205E+02   0.189840E+02   0.188562E+02
    0.200777E+02   0.186804E+02   0.185933E+02   0.172133E+02   0.165517E+02
    0.160186E+02   0.155461E+02   0.151068E+02   0.146853E+02   0.142723E+02
    0.138608E+02   0.134470E+02   0.130306E+02   0.126133E+02   0.121958E+02
    0.117787E+02   0.113643E+02   0.109563E+02   0.105600E+02   0.101808E+02
    0.982301E+01   0.948715E+01   0.916990E+01   0.886811E+01   0.857767E+01
    0.829423E+01   0.801234E+01   0.772595E+01   0.743026E+01   0.712149E+01
    0.680087E+01   0.647094E+01   0.612380E+01   0.575436E+01   0.537705E+01
    0.500915E+01   0.412007E+01
    0.153067E+02   0.145111E+02   0.147434E+02   0.149447E+02   0.150964E+02
    0.151955E+02   0.152308E+02   0.152216E+02   0.152300E+02   0.153131E+02
    0.154787E+02   0.157021E+02   0.159539E+02   0.162126E+02   0.164727E+02
    0.167409E+02   0.170321E+02   0.173757E+02   0.178404E+02   0.190029E+02
    0.189052E+02   0.201118E+02   0.187207E+02   0.186182E+02   0.172403E+02
    0.165802E+02   0.160496E+02   0.155779E+02   0.151368E+02   0.147115E+02
    0.142925E+02   0.138742E+02   0.134552E+02   0.130363E+02   0.126176E+02
    0.121998E+02   0.117848E+02   0.113761E+02   0.109787E+02   0.105977E+02
    0.102371E+02   0.989782E+01   0.957716E+01   0.927206E+01   0.897878E+01
    0.869328E+01   0.841017E+01   0.812348E+01   0.782865E+01   0.752204E+01
    0.720442E+01   0.687749E+01   0.653252E+01   0.616400E+01   0.578647E+01
    0.541781E+01   0.452831E+01
    0.153686E+02   0.145451E+02   0.147694E+02   0.149551E+02   0.150861E+02
    0.151639E+02   0.151817E+02   0.151605E+02   0.151586E+02   0.152277E+02
    0.153736E+02   0.155742E+02   0.158027E+02   0.160381E+02   0.162729E+02
    0.165104E+02   0.167605E+02   0.170405E+02   0.173795E+02   0.178423E+02
    0.190014E+02   0.189295E+02   0.201251E+02   0.187414E+02   0.186268E+02
    0.172503E+02   0.165889E+02   0.160585E+02   0.155857E+02   0.151420E+02
    0.147121E+02   0.142876E+02   0.138652E+02   0.134446E+02   0.130253E+02
    0.126074E+02   0.121926E+02   0.117838E+02   0.113856E+02   0.110028E+02
    0.106395E+02   0.102968E+02   0.997250E+01   0.966358E+01   0.936672E+01
    0.907828E+01   0.879310E+01   0.850539E+01   0.821074E+01   0.790545E+01
    0.758957E+01   0.726379E+01   0.691876E+01   0.654886E+01   0.616935E+01
    0.579910E+01   0.490891E+01
    0.154312E+02   0.145759E+02   0.147900E+02   0.149602E+02   0.150718E+02
    0.151309E+02   0.151350E+02   0.151054E+02   0.150960E+02   0.151526E+02
    0.152801E+02   0.154589E+02   0.156652E+02   0.158793E+02   0.160926E+02
    0.163066E+02   0.165292E+02   0.167723E+02   0.170518E+02   0.173921E+02
    0.178526E+02   0.190152E+02   0.189538E+02   0.201483E+02   0.187659E+02
    0.186571E+02   0.172753E+02   0.166074E+02   0.160725E+02   0.155955E+02
    0.151465E+02   0.147109E+02   0.142823E+02   0.138585E+02   0.134378E+02
    0.130200E+02   0.126058E+02   0.121977E+02   0.117997E+02   0.114161E+02
    0.110510E+02   0.107058E+02   0.103784E+02   0.100659E+02   0.976554E+01
    0.947395E+01   0.918628E+01   0.889685E+01   0.860136E+01   0.829600E+01
    0.798038E+01   0.765461E+01   0.730899E+01   0.693792E+01   0.655719E+01
    0.618625E+01   0.529586E+01
    0.154854E+02   0.146102E+02   0.148203E+02   0.149779E+02   0.150676E+02
    0.151022E+02   0.150901E+02   0.150565E+02   0.150473E+02   0.150974E+02
    0.152092E+02   0.153667E+02   0.155502E+02   0.157423E+02   0.159341E+02
    0.161262E+02   0.163262E+02   0.165439E+02   0.167893E+02   0.170728E+02
    0.174114E+02   0.178706E+02   0.190501E+02   0.189838E+02   0.201864E+02
    0.187984E+02   0.187124E+02   0.173242E+02   0.166462E+02   0.161041E+02
    0.156206E+02   0.151661E+02   0.147276E+02   0.142994E+02   0.138783E+02
    0.134627E+02   0.130523E+02   0.126483E+02   0.122538E+02   0.118726E+02
    0.115081E+02   0.111616E+02   0.108310E+02   0.105140E+02   0.102083E+02
    0.991152E+01   0.961920E+01   0.932578E+01   0.902726E+01   0.872012E+01
    0.840384E+01   0.807788E+01   0.773159E+01   0.735880E+01   0.697572E+01
    0.660280E+01   0.571144E+01
    0.155159E+02   0.146339E+02   0.148456E+02   0.150009E+02   0.150778E+02
    0.150918E+02   0.150612E+02   0.150174E+02   0.150028E+02   0.150441E+02
    0.151418E+02   0.152814E+02   0.154460E+02   0.156198E+02   0.157933E+02
    0.159665E+02   0.161473E+02   0.163456E+02   0.165686E+02   0.168206E+02
    0.171044E+02   0.174396E+02   0.179060E+02   0.191087E+02   0.190247E+02
    0.202399E+02   0.188413E+02   0.187859E+02   0.173963E+02   0.167085E+02
    0.161586E+02   0.156692E+02   0.152118E+02   0.147741E+02   0.143492E+02
    0.139335E+02   0.135252E+02   0.131244E+02   0.127334E+02   0.123556E+02
    0.119937E+02   0.116482E+02   0.113171E+02   0.109980E+02   0.106893E+02
    0.103894E+02   0.100939E+02   0.979768E+01   0.949692E+01   0.918859E+01
    0.887227E+01   0.854701E+01   0.820116E+01   0.782762E+01   0.744263E+01
    0.706743E+01   0.617475E+01
    0.155370E+02   0.146571E+02   0.148650E+02   0.150134E+02   0.150769E+02
    0.150738E+02   0.150299E+02   0.149807E+02   0.149633E+02   0.149975E+02
    0.150824E+02   0.152058E+02   0.153531E+02   0.155104E+02   0.156673E+02
    0.158235E+02   0.159881E+02   0.161710E+02   0.163783E+02   0.166108E+02
    0.168645E+02   0.171443E+02   0.174811E+02   0.179638E+02   0.191855E+02
    0.190774E+02   0.203065E+02   0.188971E+02   0.188709E+02   0.174862E+02
    0.167896E+02   0.162330E+02   0.157402E+02   0.152834E+02   0.148492E+02
    0.144302E+02   0.140225E+02   0.136245E+02   0.132375E+02   0.128639E+02
    0.125055E+02   0.121621E+02   0.118316E+02   0.115114E+02   0.112005E+02
    0.108977E+02   0.105990E+02   0.102991E+02   0.999435E+01   0.968220E+01
    0.936281E+01   0.903565E+01   0.868869E+01   0.831411E+01   0.792773E+01
    0.755103E+01   0.665754E+01
    0.155432E+02   0.146651E+02   0.148677E+02   0.150111E+02   0.150671E+02
    0.150539E+02   0.149996E+02   0.149414E+02   0.149156E+02   0.149402E+02
    0.150140E+02   0.151250E+02   0.152592E+02   0.154032E+02   0.155467E+02
    0.156896E+02   0.158420E+02   0.160138E+02   0.162098E+02   0.164291E+02
    0.166643E+02   0.169134E+02   0.171917E+02   0.175373E+02   0.180390E+02
    0.192707E+02   0.191393E+02   0.203798E+02   0.189619E+02   0.189578E+02
    0.175843E+02   0.168794E+02   0.163186E+02   0.158261E+02   0.153729E+02
    0.149449E+02   0.145343E+02   0.141371E+02   0.137532E+02   0.133841E+02
    0.130305E+02   0.126917E+02   0.123649E+02   0.120475E+02   0.117381E+02
    0.114355E+02   0.111356E+02   0.108327E+02   0.105227E+02   0.102029E+02
    0.987512E+01   0.954091E+01   0.918956E+01   0.881338E+01   0.842736E+01
    0.805180E+01   0.715906E+01
    0.155345E+02   0.146567E+02   0.148552E+02   0.149937E+02   0.150451E+02
    0.150264E+02   0.149648E+02   0.148972E+02   0.148613E+02   0.148767E+02
    0.149419E+02   0.150439E+02   0.151682E+02   0.153018E+02   0.154344E+02
    0.155666E+02   0.157095E+02   0.158729E+02   0.160611E+02   0.162716E+02
    0.164950E+02   0.167258E+02   0.169725E+02   0.172562E+02   0.176156E+02
    0.181344E+02   0.193691E+02   0.192163E+02   0.204651E+02   0.190411E+02
    0.190504E+02   0.176976E+02   0.169880E+02   0.164273E+02   0.159380E+02
    0.154902E+02   0.150690E+02   0.146670E+02   0.142818E+02   0.139134E+02
    0.135618E+02   0.132257E+02   0.129018E+02   0.125870E+02   0.122798E+02
    0.119784E+02   0.116786E+02   0.113744E+02   0.110611E+02   0.107356E+02
    0.104009E+02   0.100606E+02   0.970549E+01   0.932861E+01   0.894415E+01
    0.857099E+01   0.767969E+01
    0.155127E+02   0.146318E+02   0.148241E+02   0.149582E+02   0.150079E+02
    0.149886E+02   0.149224E+02   0.148438E+02   0.147941E+02   0.147982E+02
    0.148559E+02   0.149521E+02   0.150707E+02   0.151978E+02   0.153234E+02
    0.154495E+02   0.155873E+02   0.157462E+02   0.159294E+02   0.161343E+02
    0.163502E+02   0.165697E+02   0.167977E+02   0.170481E+02   0.173426E+02
    0.177170E+02   0.182518E+02   0.194817E+02   0.193115E+02   0.205637E+02
    0.191363E+02   0.191499E+02   0.178289E+02   0.171189E+02   0.165592E+02
    0.160722E+02   0.156274E+02   0.152107E+02   0.148164E+02   0.144428E+02
    0.140892E+02   0.137536E+02   0.134324E+02   0.131218E+02   0.128193E+02
    0.125222E+02   0.122259E+02   0.119241E+02   0.116113E+02   0.112841E+02
    0.109459E+02   0.106018E+02   0.102450E+02   0.986955E+01   0.948909E+01
    0.912048E+01   0.823163E+01
    0.154682E+02   0.145691E+02   0.147573E+02   0.148955E+02   0.149573E+02
    0.149487E+02   0.148794E+02   0.147791E+02   0.147003E+02   0.146841E+02
    0.147341E+02   0.148290E+02   0.149474E+02   0.150729E+02   0.151959E+02
    0.153201E+02   0.154570E+02   0.156150E+02   0.157973E+02   0.160014E+02
    0.162152E+02   0.164292E+02   0.166464E+02   0.168773E+02   0.171366E+02
    0.174443E+02   0.178325E+02   0.183805E+02   0.195950E+02   0.194125E+02
    0.206645E+02   0.192387E+02   0.192472E+02   0.179645E+02   0.172548E+02
    0.166916E+02   0.162003E+02   0.157522E+02   0.153365E+02   0.149491E+02
    0.145882E+02   0.142513E+02   0.139341E+02   0.136317E+02   0.133394E+02
    0.130528E+02   0.127661E+02   0.124725E+02   0.121663E+02   0.118435E+02
    0.115076E+02   0.111652E+02   0.108114E+02   0.104416E+02   0.100683E+02
    0.970603E+01   0.882021E+01
    0.154015E+02   0.144708E+02   0.146415E+02   0.147722E+02   0.148345E+02
    0.148275E+02   0.147530E+02   0.146383E+02   0.145429E+02   0.145179E+02
    0.145684E+02   0.146677E+02   0.147898E+02   0.149171E+02   0.150418E+02
    0.151699E+02   0.153114E+02   0.154725E+02   0.156560E+02   0.158598E+02
    0.160717E+02   0.162820E+02   0.164929E+02   0.167130E+02   0.169532E+02
    0.172260E+02   0.175478E+02   0.179483E+02   0.185063E+02   0.196937E+02
    0.195081E+02   0.207524E+02   0.193321E+02   0.193231E+02   0.180814E+02
    0.173771E+02   0.168144E+02   0.163249E+02   0.158833E+02   0.154798E+02
    0.151093E+02   0.147680E+02   0.144504E+02   0.141502E+02   0.138616E+02
    0.135787E+02   0.132951E+02   0.130040E+02   0.126991E+02   0.123758E+02
    0.120384E+02   0.116949E+02   0.113422E+02   0.109769E+02   0.106103E+02
    0.102546E+02   0.937219E+01
    0.153479E+02   0.143827E+02   0.145281E+02   0.146432E+02   0.146979E+02
    0.146878E+02   0.146097E+02   0.144896E+02   0.143893E+02   0.143641E+02
    0.144181E+02   0.145215E+02   0.146457E+02   0.147731E+02   0.148982E+02
    0.150283E+02   0.151729E+02   0.153365E+02   0.155213E+02   0.157252E+02
    0.159364E+02   0.161452E+02   0.163534E+02   0.165684E+02   0.167989E+02
    0.170534E+02   0.173411E+02   0.176755E+02   0.180858E+02   0.186495E+02
    0.197992E+02   0.196192E+02   0.208522E+02   0.194442E+02   0.194071E+02
    0.182059E+02   0.175153E+02   0.169611E+02   0.164826E+02   0.160567E+02
    0.156724E+02   0.153226E+02   0.149999E+02   0.146970E+02   0.144069E+02
    0.141230E+02   0.138387E+02   0.135468E+02   0.132408E+02   0.129159E+02
    0.125766E+02   0.122320E+02   0.118801E+02   0.115181E+02   0.111563E+02
    0.108050E+02   0.992480E+01
    0.153259E+02   0.143222E+02   0.144444E+02   0.145413E+02   0.145853E+02
    0.145708E+02   0.144925E+02   0.143748E+02   0.142789E+02   0.142583E+02
    0.143156E+02   0.144199E+02   0.145424E+02   0.146668E+02   0.147885E+02
    0.149158E+02   0.150588E+02   0.152217E+02   0.154061E+02   0.156096E+02
    0.158203E+02   0.160284E+02   0.162356E+02   0.164485E+02   0.166743E+02
    0.169192E+02   0.171886E+02   0.174892E+02   0.178338E+02   0.182511E+02
    0.188142E+02   0.199150E+02   0.197539E+02   0.209700E+02   0.195811E+02
    0.195032E+02   0.183416E+02   0.176742E+02   0.171377E+02   0.166780E+02
    0.162725E+02   0.159086E+02   0.155760E+02   0.152659E+02   0.149703E+02
    0.146824E+02   0.143950E+02   0.141010E+02   0.137936E+02   0.134681E+02
    0.131285E+02   0.127843E+02   0.124337E+02   0.120738E+02   0.117144E+02
    0.113651E+02   0.104858E+02
    0.153147E+02   0.142869E+02   0.143959E+02   0.144787E+02   0.145125E+02
    0.144932E+02   0.144158E+02   0.143043E+02   0.142168E+02   0.142018E+02
    0.142604E+02   0.143621E+02   0.144800E+02   0.145988E+02   0.147145E+02
    0.148358E+02   0.149740E+02   0.151337E+02   0.153163E+02   0.155186E+02
    0.157284E+02   0.159361E+02   0.161428E+02   0.163549E+02   0.165785E+02
    0.168185E+02   0.170781E+02   0.173606E+02   0.176717E+02   0.180231E+02
    0.184431E+02   0.189962E+02   0.200403E+02   0.199132E+02   0.211055E+02
    0.197397E+02   0.196105E+02   0.184841E+02   0.178465E+02   0.173342E+02
    0.168969E+02   0.165119E+02   0.161645E+02   0.158433E+02   0.155393E+02
    0.152450E+02   0.149529E+02   0.146559E+02   0.143470E+02   0.140212E+02
    0.136824E+02   0.133392E+02   0.129899E+02   0.126313E+02   0.122730E+02
    0.119244E+02   0.110454E+02
    0.152879E+02   0.142559E+02   0.143658E+02   0.144449E+02   0.144754E+02
    0.144546E+02   0.143796E+02   0.142751E+02   0.141960E+02   0.141859E+02
    0.142439E+02   0.143410E+02   0.144524E+02   0.145641E+02   0.146717E+02
    0.147841E+02   0.149145E+02   0.150688E+02   0.152484E+02   0.154493E+02
    0.156584E+02   0.158657E+02   0.160722E+02   0.162839E+02   0.165062E+02
    0.167432E+02   0.169973E+02   0.172698E+02   0.175625E+02   0.178800E+02
    0.182342E+02   0.186515E+02   0.191852E+02   0.201726E+02   0.200891E+02
    0.212547E+02   0.199128E+02   0.197287E+02   0.186286E+02   0.180231E+02
    0.175367E+02   0.171213E+02   0.167531E+02   0.164171E+02   0.161021E+02
    0.157997E+02   0.155021E+02   0.152016E+02   0.148915E+02   0.145665E+02
    0.142296E+02   0.138887E+02   0.135412E+02   0.131837E+02   0.128257E+02
    0.124766E+02   0.115972E+02
    0.152393E+02   0.142254E+02   0.143438E+02   0.144250E+02   0.144553E+02
    0.144345E+02   0.143634E+02   0.142671E+02   0.141966E+02   0.141903E+02
    0.142464E+02   0.143380E+02   0.144424E+02   0.145467E+02   0.146459E+02
    0.147488E+02   0.148706E+02   0.150192E+02   0.151957E+02   0.153953E+02
    0.156040E+02   0.158113E+02   0.160179E+02   0.162296E+02   0.164511E+02
    0.166863E+02   0.169371E+02   0.172038E+02   0.174863E+02   0.177851E+02
    0.181048E+02   0.184574E+02   0.188224E+02   0.193349E+02   0.202930E+02
    0.202625E+02   0.214024E+02   0.200817E+02   0.198561E+02   0.187691E+02
    0.181942E+02   0.177318E+02   0.173343E+02   0.169783E+02   0.166491E+02
    0.163365E+02   0.160318E+02   0.157270E+02   0.154150E+02   0.150903E+02
    0.147552E+02   0.144164E+02   0.140706E+02   0.137141E+02   0.133562E+02
    0.130066E+02   0.121267E+02
    0.151688E+02   0.141877E+02   0.143167E+02   0.144026E+02   0.144350E+02
    0.144162E+02   0.143492E+02   0.142594E+02   0.141949E+02   0.141912E+02
    0.142460E+02   0.143339E+02   0.144333E+02   0.145325E+02   0.146258E+02
    0.147222E+02   0.148384E+02   0.149832E+02   0.151578E+02   0.153568E+02
    0.155656E+02   0.157732E+02   0.159800E+02   0.161916E+02   0.164127E+02
    0.166467E+02   0.168954E+02   0.171585E+02   0.174347E+02   0.177225E+02
    0.180226E+02   0.183407E+02   0.186726E+02   0.189519E+02   0.194310E+02
    0.203975E+02   0.204275E+02   0.215470E+02   0.202428E+02   0.200007E+02
    0.189103E+02   0.183611E+02   0.179179E+02   0.175335E+02   0.171853E+02
    0.168594E+02   0.165456E+02   0.162350E+02   0.159199E+02   0.155945E+02
    0.152602E+02   0.149228E+02   0.145783E+02   0.142228E+02   0.138653E+02
    0.135156E+02   0.126354E+02
    0.150814E+02   0.141365E+02   0.142807E+02   0.143774E+02   0.144184E+02
    0.144061E+02   0.143435E+02   0.142553E+02   0.141906E+02   0.141859E+02
    0.142393E+02   0.143250E+02   0.144218E+02   0.145178E+02   0.146071E+02
    0.146990E+02   0.148114E+02   0.149540E+02   0.151279E+02   0.153274E+02
    0.155373E+02   0.157455E+02   0.159526E+02   0.161638E+02   0.163840E+02
    0.166168E+02   0.168637E+02   0.171242E+02   0.173963E+02   0.176780E+02
    0.179682E+02   0.182691E+02   0.185860E+02   0.188602E+02   0.188730E+02
    0.193526E+02   0.204371E+02   0.205533E+02   0.216577E+02   0.203663E+02
    0.201572E+02   0.190489E+02   0.185194E+02   0.180903E+02   0.177149E+02
    0.173713E+02   0.170457E+02   0.167275E+02   0.164082E+02   0.160812E+02
    0.157471E+02   0.154106E+02   0.150672E+02   0.147125E+02   0.143554E+02
    0.140057E+02   0.131253E+02
    0.149892E+02   0.140834E+02   0.142452E+02   0.143552E+02   0.144054E+02
    0.143984E+02   0.143379E+02   0.142494E+02   0.141834E+02   0.141772E+02
    0.142291E+02   0.143129E+02   0.144075E+02   0.145014E+02   0.145888E+02
    0.146793E+02   0.147907E+02   0.149327E+02   0.151065E+02   0.153060E+02
    0.155158E+02   0.157235E+02   0.159294E+02   0.161390E+02   0.163575E+02
    0.165887E+02   0.168344E+02   0.170935E+02   0.173636E+02   0.176420E+02
    0.179270E+02   0.182192E+02   0.185212E+02   0.188350E+02   0.189474E+02
    0.189110E+02   0.192995E+02   0.204285E+02   0.206749E+02   0.217607E+02
    0.204879E+02   0.202936E+02   0.191662E+02   0.186534E+02   0.182359E+02
    0.178672E+02   0.175254E+02   0.171967E+02   0.168709E+02   0.165405E+02
    0.162048E+02   0.158678E+02   0.155245E+02   0.151702E+02   0.148136E+02
    0.144642E+02   0.135839E+02
    0.149001E+02   0.140376E+02   0.142160E+02   0.143386E+02   0.143963E+02
    0.143932E+02   0.143347E+02   0.142474E+02   0.141821E+02   0.141771E+02
    0.142307E+02   0.143162E+02   0.144116E+02   0.145057E+02   0.145933E+02
    0.146842E+02   0.147960E+02   0.149383E+02   0.151122E+02   0.153120E+02
    0.155220E+02   0.157300E+02   0.159360E+02   0.161456E+02   0.163642E+02
    0.165955E+02   0.168412E+02   0.170994E+02   0.173674E+02   0.176424E+02
    0.179225E+02   0.182074E+02   0.184984E+02   0.187949E+02   0.190748E+02
    0.189510E+02   0.187724E+02   0.192510E+02   0.204040E+02   0.207857E+02
    0.218715E+02   0.206031E+02   0.204652E+02   0.192656E+02   0.187587E+02
    0.183564E+02   0.180106E+02   0.176657E+02   0.173291E+02   0.169918E+02
    0.166520E+02   0.163125E+02   0.159678E+02   0.156128E+02   0.152558E+02
    0.149061E+02   0.140257E+02
    0.148227E+02   0.139991E+02   0.141909E+02   0.143237E+02   0.143865E+02
    0.143852E+02   0.143274E+02   0.142407E+02   0.141759E+02   0.141717E+02
    0.142268E+02   0.143141E+02   0.144109E+02   0.145061E+02   0.145959E+02
    0.146903E+02   0.148058E+02   0.149506E+02   0.151257E+02   0.153258E+02
    0.155358E+02   0.157436E+02   0.159490E+02   0.161578E+02   0.163755E+02
    0.166064E+02   0.168518E+02   0.171096E+02   0.173763E+02   0.176491E+02
    0.179263E+02   0.182076E+02   0.184935E+02   0.187418E+02   0.190193E+02
    0.192441E+02   0.189100E+02   0.188369E+02   0.192212E+02   0.202834E+02
    0.208902E+02   0.219735E+02   0.207116E+02   0.206362E+02   0.193515E+02
    0.188443E+02   0.184514E+02   0.180981E+02   0.177322E+02   0.174138E+02
    0.170807E+02   0.167364E+02   0.163888E+02   0.160325E+02   0.156753E+02
    0.153257E+02   0.144453E+02
    0.147567E+02   0.139633E+02   0.141672E+02   0.143106E+02   0.143801E+02
    0.143813E+02   0.143231E+02   0.142345E+02   0.141674E+02   0.141621E+02
    0.142179E+02   0.143070E+02   0.144058E+02   0.145035E+02   0.145972E+02
    0.146975E+02   0.148190E+02   0.149677E+02   0.151446E+02   0.153451E+02
    0.155082E+02   0.157153E+02   0.159197E+02   0.161271E+02   0.163569E+02
    0.166170E+02   0.168667E+02   0.171249E+02   0.173917E+02   0.176637E+02
    0.179391E+02   0.182178E+02   0.185003E+02   0.187419E+02   0.189029E+02
    0.191420E+02   0.192351E+02   0.188413E+02   0.187192E+02   0.192512E+02
    0.202871E+02   0.209722E+02   0.220561E+02   0.207960E+02   0.207314E+02
    0.192898E+02   0.187734E+02   0.184116E+02   0.180830E+02   0.176826E+02
    0.174065E+02   0.170926E+02   0.167406E+02   0.163820E+02   0.160237E+02
    0.156735E+02   0.147928E+02
    0.147121E+02   0.139371E+02   0.141525E+02   0.143065E+02   0.143851E+02
    0.143917E+02   0.143331E+02   0.142385E+02   0.141635E+02   0.141536E+02
    0.142094E+02   0.143009E+02   0.144028E+02   0.145036E+02   0.146015E+02
    0.147077E+02   0.148345E+02   0.149865E+02   0.151648E+02   0.153654E+02
    0.155745E+02   0.156599E+02   0.158629E+02   0.160686E+02   0.162838E+02
    0.165621E+02   0.168723E+02   0.171387E+02   0.174060E+02   0.176784E+02
    0.179541E+02   0.182326E+02   0.185136E+02   0.187931E+02   0.189598E+02
    0.188302E+02   0.189783E+02   0.189980E+02   0.189604E+02   0.189504E+02
    0.194834E+02   0.205804E+02   0.211271E+02   0.222165E+02   0.209520E+02
    0.208897E+02   0.194375E+02   0.189016E+02   0.184772E+02   0.179036E+02
    0.173830E+02   0.173048E+02   0.170599E+02   0.166973E+02   0.163366E+02
    0.159847E+02   0.151031E+02
    0.146715E+02   0.139037E+02   0.141357E+02   0.143057E+02   0.143986E+02
    0.144134E+02   0.143539E+02   0.142492E+02   0.141610E+02   0.141430E+02
    0.141976E+02   0.142917E+02   0.143970E+02   0.145010E+02   0.146028E+02
    0.147135E+02   0.148444E+02   0.149989E+02   0.151784E+02   0.153795E+02
    0.155885E+02   0.157940E+02   0.156771E+02   0.158811E+02   0.160948E+02
    0.163239E+02   0.166992E+02   0.171276E+02   0.174150E+02   0.176883E+02
    0.179650E+02   0.182444E+02   0.185254E+02   0.188030E+02   0.190664E+02
    0.189980E+02   0.186507E+02   0.187116E+02   0.186618E+02   0.188117E+02
    0.191389E+02   0.196937E+02   0.209126E+02   0.212378E+02   0.223373E+02
    0.210623E+02   0.209211E+02   0.193783E+02   0.188122E+02   0.183568E+02
    0.177236E+02   0.171339E+02   0.171264E+02   0.168808E+02   0.165155E+02
    0.161605E+02   0.152773E+02
    0.146427E+02   0.138902E+02   0.141369E+02   0.143211E+02   0.144256E+02
    0.144469E+02   0.143872E+02   0.142761E+02   0.141788E+02   0.141544E+02
    0.142069E+02   0.143012E+02   0.144076E+02   0.145130E+02   0.146165E+02
    0.147294E+02   0.148622E+02   0.150180E+02   0.151984E+02   0.154003E+02
    0.156099E+02   0.157965E+02   0.159699E+02   0.159318E+02   0.161596E+02
    0.164247E+02   0.166778E+02   0.170769E+02   0.174259E+02   0.177069E+02
    0.179837E+02   0.182630E+02   0.185431E+02   0.188183E+02   0.190556E+02
    0.192610E+02   0.191763E+02   0.186347E+02   0.186145E+02   0.185569E+02
    0.188851E+02   0.193634E+02   0.198359E+02   0.211995E+02   0.214510E+02
    0.225680E+02   0.212743E+02   0.212221E+02   0.196639E+02   0.190561E+02
    0.185665E+02   0.179220E+02   0.173136E+02   0.172821E+02   0.170186E+02
    0.166580E+02   0.157726E+02
    0.146266E+02   0.138895E+02   0.141415E+02   0.143326E+02   0.144433E+02
    0.144696E+02   0.144124E+02   0.143008E+02   0.142008E+02   0.141731E+02
    0.142229E+02   0.143155E+02   0.144207E+02   0.145253E+02   0.146283E+02
    0.147410E+02   0.148738E+02   0.150302E+02   0.152118E+02   0.154153E+02
    0.155800E+02   0.157866E+02   0.159381E+02   0.160645E+02   0.161625E+02
    0.164271E+02   0.167591E+02   0.170343E+02   0.173644E+02   0.177025E+02
    0.179907E+02   0.182662E+02   0.185481E+02   0.188283E+02   0.190840E+02
    0.192089E+02   0.193237E+02   0.191100E+02   0.184440E+02   0.183396E+02
    0.183337E+02   0.187641E+02   0.193254E+02   0.199086E+02   0.213093E+02
    0.215493E+02   0.226896E+02   0.213688E+02   0.213940E+02   0.198615E+02
    0.192082E+02   0.187097E+02   0.182018E+02   0.176174E+02   0.174536E+02
    0.171203E+02   0.162316E+02
    0.146049E+02   0.138857E+02   0.141390E+02   0.143314E+02   0.144432E+02
    0.144712E+02   0.144170E+02   0.143098E+02   0.142143E+02   0.141887E+02
    0.142380E+02   0.143289E+02   0.144325E+02   0.145358E+02   0.146377E+02
    0.147494E+02   0.148820E+02   0.150395E+02   0.152237E+02   0.154307E+02
    0.156456E+02   0.157348E+02   0.159386E+02   0.159891E+02   0.159301E+02
    0.161169E+02   0.164873E+02   0.170073E+02   0.173187E+02   0.176335E+02
    0.179272E+02   0.182232E+02   0.184912E+02   0.187686E+02   0.190394E+02
    0.192618E+02   0.191577E+02   0.190567E+02   0.188260E+02   0.182479E+02
    0.182424E+02   0.183330E+02   0.188114E+02   0.193798E+02   0.200458E+02
    0.214337E+02   0.216148E+02   0.227938E+02   0.214301E+02   0.215382E+02
    0.200369E+02   0.193432E+02   0.188234E+02   0.183487E+02   0.178938E+02
    0.175902E+02   0.167090E+02
    0.145851E+02   0.138832E+02   0.141342E+02   0.143248E+02   0.144355E+02
    0.144646E+02   0.144147E+02   0.143149E+02   0.142271E+02   0.142059E+02
    0.142558E+02   0.143454E+02   0.144473E+02   0.145494E+02   0.146506E+02
    0.147621E+02   0.148955E+02   0.150553E+02   0.152433E+02   0.154550E+02
    0.156283E+02   0.158426E+02   0.156966E+02   0.159030E+02   0.159206E+02
    0.157765E+02   0.160175E+02   0.164424E+02   0.170389E+02   0.173622E+02
    0.177073E+02   0.180532E+02   0.184035E+02   0.186215E+02   0.188899E+02
    0.191787E+02   0.193790E+02   0.189257E+02   0.186883E+02   0.184527E+02
    0.182508E+02   0.183224E+02   0.185296E+02   0.190384E+02   0.196181E+02
    0.202787E+02   0.216695E+02   0.216613E+02   0.229012E+02   0.214748E+02
    0.216112E+02   0.200268E+02   0.192943E+02   0.187462E+02   0.182757E+02
    0.178902E+02   0.170154E+02
    0.146056E+02   0.138816E+02   0.141192E+02   0.143015E+02   0.144088E+02
    0.144401E+02   0.143991E+02   0.143134E+02   0.142385E+02   0.142219E+02
    0.142675E+02   0.143485E+02   0.144406E+02   0.145333E+02   0.146248E+02
    0.147257E+02   0.148495E+02   0.150026E+02   0.151864E+02   0.153954E+02
    0.155669E+02   0.156529E+02   0.158587E+02   0.157389E+02   0.159499E+02
    0.159439E+02   0.157367E+02   0.159890E+02   0.164622E+02   0.171279E+02
    0.174686E+02   0.178608E+02   0.179448E+02   0.183548E+02   0.185180E+02
    0.187619E+02   0.190729E+02   0.192933E+02   0.186500E+02   0.183484E+02
    0.182887E+02   0.185126E+02   0.186536E+02   0.188913E+02   0.192845E+02
    0.198745E+02   0.205099E+02   0.217846E+02   0.217168E+02   0.229290E+02
    0.215270E+02   0.215392E+02   0.200869E+02   0.193340E+02   0.187506E+02
    0.182790E+02   0.175020E+02
    0.145563E+02   0.138645E+02   0.141007E+02   0.142810E+02   0.143860E+02
    0.144192E+02   0.143834E+02   0.143012E+02   0.142230E+02   0.141976E+02
    0.142354E+02   0.143130E+02   0.144051E+02   0.144992E+02   0.145924E+02
    0.146937E+02   0.148163E+02   0.149668E+02   0.151474E+02   0.153533E+02
    0.155221E+02   0.156059E+02   0.154018E+02   0.156051E+02   0.154806E+02
    0.157044E+02   0.157237E+02   0.156044E+02   0.158815E+02   0.163294E+02
    0.169709E+02   0.173185E+02   0.177629E+02   0.180310E+02   0.185848E+02
    0.186226E+02   0.188185E+02   0.191882E+02   0.194582E+02   0.187740E+02
    0.184865E+02   0.185144E+02   0.188345E+02   0.189475E+02   0.191860E+02
    0.194577E+02   0.200861E+02   0.206080E+02   0.218616E+02   0.217614E+02
    0.229962E+02   0.215879E+02   0.215982E+02   0.201997E+02   0.194270E+02
    0.187966E+02   0.176911E+02
