  
 log(Aij)/0.150:
    0.120266E+02   0.120772E+02   0.127418E+02   0.134653E+02   0.142741E+02
    0.152739E+02   0.172063E+02   0.160082E+02   0.179625E+02   0.160177E+02
    0.168934E+02   0.152230E+02   0.144110E+02   0.137681E+02   0.131931E+02
    0.126394E+02   0.120982E+02   0.115743E+02   0.110845E+02   0.106592E+02
    0.102905E+02   0.993874E+01   0.959864E+01   0.927185E+01   0.895839E+01
    0.865557E+01   0.835829E+01   0.805914E+01   0.775002E+01   0.742501E+01
    0.708199E+01   0.672302E+01   0.635367E+01   0.598026E+01   0.560594E+01
    0.523266E+01   0.486390E+01   0.450418E+01   0.415819E+01   0.382940E+01
    0.352440E+01   0.323751E+01   0.295611E+01   0.268475E+01   0.241928E+01
    0.215560E+01   0.188921E+01   0.161533E+01   0.132972E+01   0.102947E+01
    0.718184E+00   0.402184E+00   0.778002E-01  -0.259306E+00  -0.602233E+00
   -0.943635E+00  -0.182151E+01
    0.119484E+02   0.119347E+02   0.125390E+02   0.131855E+02   0.138736E+02
    0.146503E+02   0.155769E+02   0.173219E+02   0.162936E+02   0.181011E+02
    0.162695E+02   0.169658E+02   0.153675E+02   0.145812E+02   0.139392E+02
    0.133522E+02   0.127952E+02   0.122586E+02   0.117490E+02   0.112951E+02
    0.108963E+02   0.105166E+02   0.101508E+02   0.980050E+01   0.946568E+01
    0.914406E+01   0.883092E+01   0.851923E+01   0.820104E+01   0.787039E+01
    0.752458E+01   0.716482E+01   0.679577E+01   0.642307E+01   0.604954E+01
    0.567704E+01   0.530890E+01   0.494940E+01   0.460311E+01   0.427350E+01
    0.396799E+01   0.368060E+01   0.339777E+01   0.312526E+01   0.285898E+01
    0.259488E+01   0.232864E+01   0.205559E+01   0.177167E+01   0.147380E+01
    0.116495E+01   0.850703E+00   0.527089E+00   0.189849E+00  -0.153680E+00
   -0.495671E+00  -0.137381E+01
    0.118242E+02   0.117675E+02   0.123417E+02   0.129469E+02   0.135717E+02
    0.142431E+02   0.149784E+02   0.158221E+02   0.174132E+02   0.165313E+02
    0.182179E+02   0.164746E+02   0.170204E+02   0.154708E+02   0.146952E+02
    0.140517E+02   0.134687E+02   0.129182E+02   0.123948E+02   0.119184E+02
    0.114920E+02   0.110856E+02   0.106948E+02   0.103209E+02   0.996395E+01
    0.962217E+01   0.929134E+01   0.896469E+01   0.863433E+01   0.829410E+01
    0.794122E+01   0.757676E+01   0.720514E+01   0.683162E+01   0.645878E+01
    0.608819E+01   0.572263E+01   0.536574E+01   0.502152E+01   0.469308E+01
    0.438780E+01   0.409969E+01   0.381520E+01   0.354040E+01   0.327153E+01
    0.300487E+01   0.273627E+01   0.246115E+01   0.217548E+01   0.187622E+01
    0.156638E+01   0.125165E+01   0.928006E+00   0.591103E+00   0.248151E+00
   -0.931027E-01  -0.970682E+00
    0.116697E+02   0.115884E+02   0.121466E+02   0.127280E+02   0.133151E+02
    0.139250E+02   0.145639E+02   0.152366E+02   0.159973E+02   0.174722E+02
    0.167196E+02   0.183041E+02   0.166175E+02   0.170544E+02   0.155298E+02
    0.147600E+02   0.141234E+02   0.135467E+02   0.130067E+02   0.125102E+02
    0.120586E+02   0.116278E+02   0.112133E+02   0.108161E+02   0.104365E+02
    0.100732E+02   0.972265E+01   0.937893E+01   0.903459E+01   0.868363E+01
    0.832293E+01   0.795305E+01   0.757773E+01   0.720169E+01   0.682723E+01
    0.645574E+01   0.608974E+01   0.573260E+01   0.538805E+01   0.505901E+01
    0.475261E+01   0.446317E+01   0.417758E+01   0.390170E+01   0.363184E+01
    0.336440E+01   0.309539E+01   0.282041E+01   0.253553E+01   0.223762E+01
    0.192934E+01   0.161599E+01   0.129344E+01   0.957366E+00   0.614991E+00
    0.274070E+00  -0.603349E+00
    0.115690E+02   0.114582E+02   0.119946E+02   0.125513E+02   0.131066E+02
    0.136705E+02   0.142456E+02   0.148286E+02   0.154346E+02   0.161227E+02
    0.175161E+02   0.168644E+02   0.183762E+02   0.167394E+02   0.170831E+02
    0.155746E+02   0.148132E+02   0.141825E+02   0.136138E+02   0.130943E+02
    0.126187E+02   0.121657E+02   0.117303E+02   0.113122E+02   0.109117E+02
    0.105278E+02   0.101578E+02   0.979661E+01   0.943752E+01   0.907491E+01
    0.870543E+01   0.832908E+01   0.794893E+01   0.756915E+01   0.719173E+01
    0.681790E+01   0.645004E+01   0.609137E+01   0.574544E+01   0.541504E+01
    0.510675E+01   0.481529E+01   0.452853E+01   0.425167E+01   0.398104E+01
    0.371311E+01   0.344398E+01   0.316938E+01   0.288550E+01   0.258921E+01
    0.228289E+01   0.197151E+01   0.165075E+01   0.131619E+01   0.974904E+00
    0.634532E+00  -0.242717E+00
    0.115048E+02   0.113582E+02   0.118731E+02   0.124066E+02   0.129353E+02
    0.134640E+02   0.139928E+02   0.145176E+02   0.150436E+02   0.155874E+02
    0.162156E+02   0.175528E+02   0.169897E+02   0.184406E+02   0.168386E+02
    0.171118E+02   0.156139E+02   0.148593E+02   0.142354E+02   0.136823E+02
    0.131797E+02   0.127049E+02   0.122502E+02   0.118139E+02   0.113953E+02
    0.109935E+02   0.106063E+02   0.102292E+02   0.985639E+01   0.948281E+01
    0.910499E+01   0.872243E+01   0.833756E+01   0.795398E+01   0.757340E+01
    0.719691E+01   0.682679E+01   0.646615E+01   0.611839E+01   0.578619E+01
    0.547540E+01   0.518142E+01   0.489342E+01   0.461562E+01   0.434439E+01
    0.407622E+01   0.380731E+01   0.353356E+01   0.325130E+01   0.295739E+01
    0.265378E+01   0.234494E+01   0.202629E+01   0.169335E+01   0.135307E+01
    0.101305E+01   0.135806E+00
    0.114672E+02   0.112822E+02   0.117737E+02   0.122815E+02   0.127830E+02
    0.132785E+02   0.137669E+02   0.142469E+02   0.147228E+02   0.151982E+02
    0.156928E+02   0.162811E+02   0.175858E+02   0.170923E+02   0.184972E+02
    0.169168E+02   0.171417E+02   0.156491E+02   0.149016E+02   0.142899E+02
    0.137503E+02   0.132497E+02   0.127751E+02   0.123214E+02   0.118866E+02
    0.114690E+02   0.110665E+02   0.106753E+02   0.102904E+02   0.990732E+01
    0.952266E+01   0.913518E+01   0.874653E+01   0.835960E+01   0.797580E+01
    0.759618E+01   0.722305E+01   0.685948E+01   0.650886E+01   0.617382E+01
    0.585952E+01   0.556231E+01   0.527297E+01   0.499452E+01   0.472329E+01
    0.445569E+01   0.418808E+01   0.391658E+01   0.363773E+01   0.334819E+01
    0.304913E+01   0.274406E+01   0.242811E+01   0.209684E+01   0.175733E+01
    0.141728E+01   0.539778E+00
    0.114413E+02   0.112250E+02   0.116923E+02   0.121699E+02   0.126374E+02
    0.130945E+02   0.135431E+02   0.139863E+02   0.144291E+02   0.148682E+02
    0.153050E+02   0.157665E+02   0.163332E+02   0.176184E+02   0.171726E+02
    0.185477E+02   0.169835E+02   0.171743E+02   0.156832E+02   0.149452E+02
    0.143443E+02   0.138074E+02   0.133083E+02   0.128361E+02   0.123857E+02
    0.119542E+02   0.115387E+02   0.111356E+02   0.107405E+02   0.103495E+02
    0.995928E+01   0.956821E+01   0.917733E+01   0.878893E+01   0.840414E+01
    0.802393E+01   0.765037E+01   0.728626E+01   0.693471E+01   0.659833E+01
    0.628139E+01   0.598127E+01   0.569069E+01   0.541133E+01   0.513960E+01
    0.487210E+01   0.460547E+01   0.433617E+01   0.406097E+01   0.377629E+01
    0.348219E+01   0.318095E+01   0.286713E+01   0.253644E+01   0.219631E+01
    0.185488E+01   0.976362E+00
    0.114069E+02   0.111699E+02   0.116121E+02   0.120579E+02   0.124878E+02
    0.129040E+02   0.133132E+02   0.137243E+02   0.141443E+02   0.145642E+02
    0.149737E+02   0.153815E+02   0.158236E+02   0.163740E+02   0.176478E+02
    0.172356E+02   0.185913E+02   0.170382E+02   0.172067E+02   0.157159E+02
    0.149861E+02   0.143885E+02   0.138542E+02   0.133584E+02   0.128903E+02
    0.124442E+02   0.120159E+02   0.116015E+02   0.111966E+02   0.107974E+02
    0.104009E+02   0.100053E+02   0.961159E+01   0.922163E+01   0.883638E+01
    0.845667E+01   0.808425E+01   0.772151E+01   0.737121E+01   0.703563E+01
    0.671801E+01   0.641640E+01   0.612515E+01   0.584473E+01   0.557182E+01
    0.530328E+01   0.503596E+01   0.476651E+01   0.449193E+01   0.420865E+01
    0.391647E+01   0.361729E+01   0.330547E+01   0.297656E+01   0.263773E+01
    0.229697E+01   0.141866E+01
    0.113499E+02   0.110923E+02   0.115142E+02   0.119346E+02   0.123339E+02
    0.127145E+02   0.130866E+02   0.134663E+02   0.138653E+02   0.142725E+02
    0.146683E+02   0.150506E+02   0.154391E+02   0.158659E+02   0.164028E+02
    0.176737E+02   0.172841E+02   0.186282E+02   0.170823E+02   0.172385E+02
    0.157490E+02   0.150200E+02   0.144245E+02   0.138938E+02   0.134029E+02
    0.129401E+02   0.124989E+02   0.120738E+02   0.116600E+02   0.112538E+02
    0.108520E+02   0.104531E+02   0.100577E+02   0.966738E+01   0.928297E+01
    0.890506E+01   0.853501E+01   0.817470E+01   0.782649E+01   0.749236E+01
    0.717481E+01   0.687242E+01   0.658079E+01   0.629948E+01   0.602545E+01
    0.575582E+01   0.548777E+01   0.521821E+01   0.494431E+01   0.466251E+01
    0.437230E+01   0.407512E+01   0.376510E+01   0.343767E+01   0.309990E+01
    0.275969E+01   0.188154E+01
    0.113107E+02   0.110299E+02   0.114330E+02   0.118328E+02   0.122093E+02
    0.125626E+02   0.129003E+02   0.132425E+02   0.136113E+02   0.140004E+02
    0.143847E+02   0.147523E+02   0.151132E+02   0.154854E+02   0.158991E+02
    0.164262E+02   0.177003E+02   0.173259E+02   0.186642E+02   0.171252E+02
    0.172732E+02   0.157883E+02   0.150588E+02   0.144658E+02   0.139394E+02
    0.134536E+02   0.129959E+02   0.125586E+02   0.121356E+02   0.117228E+02
    0.113165E+02   0.109148E+02   0.105178E+02   0.101267E+02   0.974202E+01
    0.936426E+01   0.899468E+01   0.863511E+01   0.828781E+01   0.795461E+01
    0.763737E+01   0.733492E+01   0.704372E+01   0.676277E+01   0.648908E+01
    0.621985E+01   0.595234E+01   0.568356E+01   0.541086E+01   0.513071E+01
    0.484248E+01   0.454739E+01   0.423939E+01   0.391374E+01   0.357728E+01
    0.323779E+01   0.235991E+01
    0.113062E+02   0.110037E+02   0.113886E+02   0.117669E+02   0.121206E+02
    0.124500E+02   0.127613E+02   0.130741E+02   0.134145E+02   0.137805E+02
    0.141469E+02   0.144968E+02   0.148356E+02   0.151747E+02   0.155300E+02
    0.159312E+02   0.164504E+02   0.177307E+02   0.173679E+02   0.187041E+02
    0.171790E+02   0.173099E+02   0.158390E+02   0.151111E+02   0.145216E+02
    0.139999E+02   0.135193E+02   0.130663E+02   0.126326E+02   0.122124E+02
    0.118013E+02   0.113965E+02   0.109975E+02   0.106050E+02   0.102192E+02
    0.984034E+01   0.946985E+01   0.910969E+01   0.876211E+01   0.842887E+01
    0.811134E+01   0.780843E+01   0.751713E+01   0.723617E+01   0.696258E+01
    0.669355E+01   0.642634E+01   0.615794E+01   0.588581E+01   0.560655E+01
    0.531950E+01   0.502585E+01   0.471939E+01   0.439512E+01   0.405972E+01
    0.372093E+01   0.284337E+01
    0.113156E+02   0.109934E+02   0.113658E+02   0.117273E+02   0.120651E+02
    0.123783E+02   0.126704E+02   0.129605E+02   0.132765E+02   0.136177E+02
    0.139601E+02   0.142870E+02   0.146025E+02   0.149152E+02   0.152337E+02
    0.155739E+02   0.159642E+02   0.164820E+02   0.177668E+02   0.174227E+02
    0.187495E+02   0.172343E+02   0.173482E+02   0.158984E+02   0.151754E+02
    0.145908E+02   0.140746E+02   0.135994E+02   0.131511E+02   0.127213E+02
    0.123039E+02   0.118951E+02   0.114933E+02   0.110989E+02   0.107114E+02
    0.103312E+02   0.995951E+01   0.959829E+01   0.924979E+01   0.891566E+01
    0.859696E+01   0.829267E+01   0.800020E+01   0.771818E+01   0.744375E+01
    0.717416E+01   0.690670E+01   0.663842E+01   0.636681E+01   0.608855E+01
    0.580280E+01   0.551049E+01   0.520513E+01   0.488161E+01   0.454657E+01
    0.420782E+01   0.333025E+01
    0.113368E+02   0.109944E+02   0.113538E+02   0.116982E+02   0.120196E+02
    0.123165E+02   0.125911E+02   0.128621E+02   0.131574E+02   0.134761E+02
    0.137957E+02   0.141000E+02   0.143941E+02   0.146853E+02   0.149783E+02
    0.152824E+02   0.156122E+02   0.159991E+02   0.165252E+02   0.178078E+02
    0.174806E+02   0.187972E+02   0.172923E+02   0.173874E+02   0.159600E+02
    0.152441E+02   0.146660E+02   0.141558E+02   0.136857E+02   0.132418E+02
    0.128152E+02   0.124003E+02   0.119947E+02   0.115977E+02   0.112087E+02
    0.108276E+02   0.104554E+02   0.100940E+02   0.974508E+01   0.941018E+01
    0.909005E+01   0.878375E+01   0.848907E+01   0.820466E+01   0.792791E+01
    0.765634E+01   0.738738E+01   0.711812E+01   0.684620E+01   0.656825E+01
    0.628327E+01   0.599184E+01   0.568723E+01   0.536418E+01   0.502930E+01
    0.469052E+01   0.381289E+01
    0.113673E+02   0.110111E+02   0.113581E+02   0.116832E+02   0.119842E+02
    0.122619E+02   0.125195E+02   0.127750E+02   0.130534E+02   0.133517E+02
    0.136487E+02   0.139307E+02   0.142043E+02   0.144765E+02   0.147494E+02
    0.150287E+02   0.153231E+02   0.156490E+02   0.160412E+02   0.165795E+02
    0.178468E+02   0.175383E+02   0.188426E+02   0.173497E+02   0.174231E+02
    0.160154E+02   0.153081E+02   0.147372E+02   0.142330E+02   0.137683E+02
    0.133283E+02   0.129050E+02   0.124941E+02   0.120938E+02   0.117030E+02
    0.113211E+02   0.109489E+02   0.105875E+02   0.102383E+02   0.990257E+01
    0.958076E+01   0.927211E+01   0.897471E+01   0.868726E+01   0.840749E+01
    0.813325E+01   0.786214E+01   0.759138E+01   0.731872E+01   0.704081E+01
    0.675643E+01   0.646580E+01   0.616194E+01   0.583943E+01   0.550484E+01
    0.516613E+01   0.428849E+01
    0.114045E+02   0.110367E+02   0.113700E+02   0.116762E+02   0.119578E+02
    0.122192E+02   0.124641E+02   0.127078E+02   0.129710E+02   0.132485E+02
    0.135215E+02   0.137798E+02   0.140319E+02   0.142855E+02   0.145405E+02
    0.148007E+02   0.150715E+02   0.153625E+02   0.156929E+02   0.160964E+02
    0.166398E+02   0.178826E+02   0.175952E+02   0.188864E+02   0.174055E+02
    0.174587E+02   0.160654E+02   0.153663E+02   0.148025E+02   0.143049E+02
    0.138455E+02   0.134103E+02   0.129918E+02   0.125866E+02   0.121922E+02
    0.118078E+02   0.114333E+02   0.110697E+02   0.107183E+02   0.103801E+02
    0.100557E+02   0.974441E+01   0.944468E+01   0.915524E+01   0.887389E+01
    0.859852E+01   0.832676E+01   0.805587E+01   0.778364E+01   0.750666E+01
    0.722345E+01   0.693392E+01   0.663097E+01   0.630917E+01   0.597505E+01
    0.563656E+01   0.475898E+01
    0.114423E+02   0.110710E+02   0.113915E+02   0.116791E+02   0.119372E+02
    0.121778E+02   0.124105E+02   0.126488E+02   0.129044E+02   0.131657E+02
    0.134164E+02   0.136503E+02   0.138798E+02   0.141139E+02   0.143516E+02
    0.145949E+02   0.148474E+02   0.151154E+02   0.154106E+02   0.157514E+02
    0.161613E+02   0.166987E+02   0.179165E+02   0.176509E+02   0.189303E+02
    0.174597E+02   0.174979E+02   0.161143E+02   0.154208E+02   0.148633E+02
    0.143712E+02   0.139168E+02   0.134868E+02   0.130744E+02   0.126756E+02
    0.122882E+02   0.119116E+02   0.115461E+02   0.111927E+02   0.108522E+02
    0.105252E+02   0.102111E+02   0.990867E+01   0.961663E+01   0.933299E+01
    0.905577E+01   0.878269E+01   0.851106E+01   0.823874E+01   0.796224E+01
    0.767976E+01   0.739089E+01   0.708835E+01   0.676672E+01   0.643258E+01
    0.609402E+01   0.521638E+01
    0.114623E+02   0.111047E+02   0.114209E+02   0.116989E+02   0.119385E+02
    0.121590E+02   0.123783E+02   0.126101E+02   0.128574E+02   0.131030E+02
    0.133320E+02   0.135419E+02   0.137483E+02   0.139624E+02   0.141824E+02
    0.144093E+02   0.146459E+02   0.148964E+02   0.151685E+02   0.154737E+02
    0.158213E+02   0.162279E+02   0.167534E+02   0.179522E+02   0.177059E+02
    0.189765E+02   0.175132E+02   0.175439E+02   0.161669E+02   0.154777E+02
    0.149246E+02   0.144369E+02   0.139875E+02   0.135633E+02   0.131571E+02
    0.127650E+02   0.123852E+02   0.120171E+02   0.116613E+02   0.113183E+02
    0.109887E+02   0.106720E+02   0.103670E+02   0.100725E+02   0.978660E+01
    0.950744E+01   0.923283E+01   0.896010E+01   0.868714E+01   0.841043E+01
    0.812792E+01   0.783898E+01   0.753615E+01   0.721400E+01   0.687930E+01
    0.654031E+01   0.566249E+01
    0.114486E+02   0.111190E+02   0.114283E+02   0.117018E+02   0.119310E+02
    0.121405E+02   0.123533E+02   0.125803E+02   0.128189E+02   0.130499E+02
    0.132599E+02   0.134485E+02   0.136335E+02   0.138281E+02   0.140302E+02
    0.142406E+02   0.144619E+02   0.146974E+02   0.149527E+02   0.152352E+02
    0.155479E+02   0.158935E+02   0.162907E+02   0.168036E+02   0.179918E+02
    0.177591E+02   0.190253E+02   0.175667E+02   0.175966E+02   0.162243E+02
    0.155390E+02   0.149891E+02   0.145055E+02   0.140613E+02   0.136430E+02
    0.132435E+02   0.128590E+02   0.124877E+02   0.121293E+02   0.117842E+02
    0.114525E+02   0.111338E+02   0.108267E+02   0.105300E+02   0.102420E+02
    0.996082E+01   0.968442E+01   0.941012E+01   0.913579E+01   0.885790E+01
    0.857438E+01   0.828445E+01   0.798046E+01   0.765691E+01   0.732080E+01
    0.698075E+01   0.610241E+01
    0.114369E+02   0.111283E+02   0.114318E+02   0.117003E+02   0.119201E+02
    0.121207E+02   0.123278E+02   0.125507E+02   0.127825E+02   0.130018E+02
    0.131958E+02   0.133656E+02   0.135311E+02   0.137072E+02   0.138920E+02
    0.140861E+02   0.142929E+02   0.145155E+02   0.147577E+02   0.150247E+02
    0.153155E+02   0.156270E+02   0.159646E+02   0.163500E+02   0.168539E+02
    0.180381E+02   0.178135E+02   0.190786E+02   0.176215E+02   0.176573E+02
    0.162863E+02   0.156055E+02   0.150593E+02   0.145804E+02   0.141416E+02
    0.137296E+02   0.133371E+02   0.129606E+02   0.125984E+02   0.122504E+02
    0.119164E+02   0.115955E+02   0.112865E+02   0.109877E+02   0.106976E+02
    0.104145E+02   0.101362E+02   0.985993E+01   0.958348E+01   0.930342E+01
    0.901786E+01   0.872609E+01   0.842035E+01   0.809501E+01   0.775732E+01
    0.741623E+01   0.653749E+01
    0.114200E+02   0.111208E+02   0.114208E+02   0.116865E+02   0.119015E+02
    0.120971E+02   0.122998E+02   0.125178E+02   0.127422E+02   0.129507E+02
    0.131314E+02   0.132857E+02   0.134347E+02   0.135948E+02   0.137639E+02
    0.139432E+02   0.141369E+02   0.143482E+02   0.145800E+02   0.148355E+02
    0.151117E+02   0.154021E+02   0.157064E+02   0.160327E+02   0.164072E+02
    0.169078E+02   0.180921E+02   0.178693E+02   0.191372E+02   0.176803E+02
    0.177258E+02   0.163530E+02   0.156781E+02   0.151369E+02   0.146633E+02
    0.142305E+02   0.138253E+02   0.134407E+02   0.130733E+02   0.127219E+02
    0.123857E+02   0.120634E+02   0.117534E+02   0.114538E+02   0.111630E+02
    0.108789E+02   0.105993E+02   0.103210E+02   0.100416E+02   0.975777E+01
    0.946827E+01   0.917303E+01   0.886442E+01   0.853671E+01   0.819725E+01
    0.785515E+01   0.697607E+01
    0.113927E+02   0.110843E+02   0.113811E+02   0.116477E+02   0.118657E+02
    0.120613E+02   0.122592E+02   0.124691E+02   0.126844E+02   0.128837E+02
    0.130550E+02   0.131995E+02   0.133379E+02   0.134871E+02   0.136451E+02
    0.138131E+02   0.139960E+02   0.141970E+02   0.144188E+02   0.146639E+02
    0.149280E+02   0.152037E+02   0.154874E+02   0.157812E+02   0.160966E+02
    0.164662E+02   0.169680E+02   0.181544E+02   0.179291E+02   0.192016E+02
    0.177427E+02   0.178009E+02   0.164262E+02   0.157588E+02   0.152238E+02
    0.147563E+02   0.143302E+02   0.139324E+02   0.135566E+02   0.131998E+02
    0.128604E+02   0.125366E+02   0.122261E+02   0.119266E+02   0.116359E+02
    0.113520E+02   0.110721E+02   0.107932E+02   0.105126E+02   0.102269E+02
    0.993487E+01   0.963668E+01   0.932495E+01   0.899420E+01   0.865233E+01
    0.830885E+01   0.742934E+01
    0.113724E+02   0.110424E+02   0.113443E+02   0.116139E+02   0.118363E+02
    0.120285E+02   0.122114E+02   0.124011E+02   0.125994E+02   0.127875E+02
    0.129505E+02   0.130871E+02   0.132175E+02   0.133592E+02   0.135108E+02
    0.136738E+02   0.138526E+02   0.140498E+02   0.142674E+02   0.145071E+02
    0.147642E+02   0.150301E+02   0.153001E+02   0.155736E+02   0.158556E+02
    0.161636E+02   0.165330E+02   0.170349E+02   0.182254E+02   0.179941E+02
    0.192725E+02   0.178107E+02   0.178813E+02   0.165062E+02   0.158469E+02
    0.153176E+02   0.148554E+02   0.144349E+02   0.140445E+02   0.136788E+02
    0.133347E+02   0.130095E+02   0.127001E+02   0.124033E+02   0.121158E+02
    0.118347E+02   0.115567E+02   0.112782E+02   0.109960E+02   0.107066E+02
    0.104095E+02   0.101065E+02   0.979106E+01   0.945811E+01   0.911550E+01
    0.877234E+01   0.789330E+01
    0.113694E+02   0.110195E+02   0.113114E+02   0.115727E+02   0.117876E+02
    0.119684E+02   0.121348E+02   0.123067E+02   0.124916E+02   0.126718E+02
    0.128296E+02   0.129615E+02   0.130871E+02   0.132242E+02   0.133722E+02
    0.135333E+02   0.137111E+02   0.139074E+02   0.141232E+02   0.143600E+02
    0.146126E+02   0.148721E+02   0.151335E+02   0.153947E+02   0.156573E+02
    0.159317E+02   0.162388E+02   0.166104E+02   0.171121E+02   0.183062E+02
    0.180680E+02   0.193518E+02   0.178875E+02   0.179674E+02   0.165934E+02
    0.159448E+02   0.154235E+02   0.149689E+02   0.145579E+02   0.141795E+02
    0.138282E+02   0.134995E+02   0.131892E+02   0.128929E+02   0.126065E+02
    0.123264E+02   0.120486E+02   0.117691E+02   0.114842E+02   0.111901E+02
    0.108875E+02   0.105792E+02   0.102600E+02   0.992511E+01   0.958206E+01
    0.923950E+01   0.836106E+01
    0.112963E+02   0.109429E+02   0.112239E+02   0.114799E+02   0.116908E+02
    0.118670E+02   0.120272E+02   0.121919E+02   0.123709E+02   0.125472E+02
    0.127018E+02   0.128302E+02   0.129518E+02   0.130851E+02   0.132301E+02
    0.133897E+02   0.135672E+02   0.137634E+02   0.139787E+02   0.142139E+02
    0.144636E+02   0.147191E+02   0.149752E+02   0.152288E+02   0.154798E+02
    0.157347E+02   0.160074E+02   0.163165E+02   0.166906E+02   0.171915E+02
    0.183879E+02   0.181421E+02   0.194318E+02   0.179657E+02   0.180529E+02
    0.166734E+02   0.160378E+02   0.155272E+02   0.150840E+02   0.146863E+02
    0.143231E+02   0.139874E+02   0.136731E+02   0.133747E+02   0.130872E+02
    0.128063E+02   0.125275E+02   0.122464E+02   0.119588E+02   0.116608E+02
    0.113535E+02   0.110410E+02   0.107187E+02   0.103821E+02   0.100386E+02
    0.969652E+01   0.881856E+01
    0.111703E+02   0.108183E+02   0.110951E+02   0.113533E+02   0.115684E+02
    0.117509E+02   0.119180E+02   0.120879E+02   0.122685E+02   0.124433E+02
    0.125943E+02   0.127177E+02   0.128334E+02   0.129606E+02   0.131002E+02
    0.132551E+02   0.134292E+02   0.136231E+02   0.138369E+02   0.140704E+02
    0.143178E+02   0.145705E+02   0.148230E+02   0.150718E+02   0.153154E+02
    0.155581E+02   0.158103E+02   0.160843E+02   0.163962E+02   0.167721E+02
    0.172691E+02   0.184673E+02   0.182150E+02   0.195110E+02   0.180427E+02
    0.181371E+02   0.167415E+02   0.161210E+02   0.156245E+02   0.151964E+02
    0.148144E+02   0.144666E+02   0.141443E+02   0.138403E+02   0.135488E+02
    0.132648E+02   0.129834E+02   0.126998E+02   0.124095E+02   0.121085E+02
    0.117980E+02   0.114827E+02   0.111582E+02   0.108200E+02   0.104757E+02
    0.101335E+02   0.925557E+01
    0.110144E+02   0.106663E+02   0.109444E+02   0.112092E+02   0.114336E+02
    0.116298E+02   0.118131E+02   0.119968E+02   0.121845E+02   0.123600E+02
    0.125084E+02   0.126271E+02   0.127366E+02   0.128569E+02   0.129892E+02
    0.131367E+02   0.133042E+02   0.134934E+02   0.137037E+02   0.139342E+02
    0.141787E+02   0.144284E+02   0.146780E+02   0.149233E+02   0.151619E+02
    0.153967E+02   0.156358E+02   0.158886E+02   0.161652E+02   0.164796E+02
    0.168545E+02   0.173422E+02   0.185457E+02   0.182871E+02   0.195905E+02
    0.181173E+02   0.182236E+02   0.167989E+02   0.161931E+02   0.157123E+02
    0.152997E+02   0.149321E+02   0.145962E+02   0.142823E+02   0.139833E+02
    0.136935E+02   0.134077E+02   0.131207E+02   0.128279E+02   0.125248E+02
    0.122127E+02   0.118958E+02   0.115696E+02   0.112298E+02   0.108840E+02
    0.105406E+02   0.966228E+01
    0.108575E+02   0.105164E+02   0.108042E+02   0.110775E+02   0.113105E+02
    0.115191E+02   0.117184E+02   0.119157E+02   0.121097E+02   0.122851E+02
    0.124300E+02   0.125435E+02   0.126468E+02   0.127604E+02   0.128856E+02
    0.130257E+02   0.131868E+02   0.133715E+02   0.135787E+02   0.138067E+02
    0.140486E+02   0.142958E+02   0.145426E+02   0.147849E+02   0.150197E+02
    0.152488E+02   0.154790E+02   0.157179E+02   0.159726E+02   0.162515E+02
    0.165659E+02   0.169353E+02   0.174086E+02   0.186250E+02   0.183577E+02
    0.196714E+02   0.181891E+02   0.183150E+02   0.168491E+02   0.162544E+02
    0.157877E+02   0.153883E+02   0.150316E+02   0.147031E+02   0.143935E+02
    0.140959E+02   0.138043E+02   0.135131E+02   0.132173E+02   0.129124E+02
    0.125989E+02   0.122810E+02   0.119536E+02   0.116122E+02   0.112646E+02
    0.109199E+02   0.100409E+02
    0.107173E+02   0.103711E+02   0.106689E+02   0.109502E+02   0.111912E+02
    0.114109E+02   0.116226E+02   0.118293E+02   0.120273E+02   0.122025E+02
    0.123452E+02   0.124555E+02   0.125546E+02   0.126638E+02   0.127840E+02
    0.129189E+02   0.130756E+02   0.132573E+02   0.134626E+02   0.136889E+02
    0.138822E+02   0.141318E+02   0.144018E+02   0.146574E+02   0.148889E+02
    0.151135E+02   0.153371E+02   0.155663E+02   0.158067E+02   0.160635E+02
    0.163431E+02   0.166458E+02   0.169686E+02   0.174453E+02   0.186930E+02
    0.184120E+02   0.197399E+02   0.182429E+02   0.183950E+02   0.168580E+02
    0.162624E+02   0.158052E+02   0.154148E+02   0.150645E+02   0.147398E+02
    0.144315E+02   0.141324E+02   0.138359E+02   0.135366E+02   0.132296E+02
    0.129150E+02   0.125961E+02   0.122677E+02   0.119250E+02   0.115759E+02
    0.112298E+02   0.103501E+02
    0.105794E+02   0.102297E+02   0.105373E+02   0.108260E+02   0.110747E+02
    0.113047E+02   0.115289E+02   0.117467E+02   0.119515E+02   0.121292E+02
    0.122719E+02   0.123799E+02   0.124749E+02   0.125789E+02   0.126933E+02
    0.128224E+02   0.129745E+02   0.131534E+02   0.133572E+02   0.135822E+02
    0.137739E+02   0.139325E+02   0.142023E+02   0.145099E+02   0.147709E+02
    0.149919E+02   0.152105E+02   0.154257E+02   0.156511E+02   0.158937E+02
    0.161517E+02   0.164289E+02   0.167151E+02   0.169659E+02   0.174611E+02
    0.187540E+02   0.184513E+02   0.197995E+02   0.182833E+02   0.184721E+02
    0.168427E+02   0.162165E+02   0.157477E+02   0.153540E+02   0.150052E+02
    0.146804E+02   0.143698E+02   0.140654E+02   0.137610E+02   0.134511E+02
    0.131349E+02   0.128151E+02   0.124857E+02   0.121414E+02   0.117906E+02
    0.114427E+02   0.105621E+02
    0.104140E+02   0.100678E+02   0.103906E+02   0.106923E+02   0.109543E+02
    0.111976E+02   0.114347E+02   0.116632E+02   0.118753E+02   0.120564E+02
    0.121997E+02   0.123063E+02   0.123984E+02   0.124988E+02   0.126092E+02
    0.127341E+02   0.128829E+02   0.130600E+02   0.132632E+02   0.134874E+02
    0.137244E+02   0.138447E+02   0.138598E+02   0.141703E+02   0.145830E+02
    0.148834E+02   0.150979E+02   0.153148E+02   0.155243E+02   0.157468E+02
    0.159911E+02   0.162477E+02   0.164936E+02   0.167097E+02   0.167535E+02
    0.173653E+02   0.187575E+02   0.184351E+02   0.198106E+02   0.182713E+02
    0.185197E+02   0.167357E+02   0.160070E+02   0.154756E+02   0.150522E+02
    0.147002E+02   0.143714E+02   0.140547E+02   0.137423E+02   0.134277E+02
    0.131091E+02   0.127880E+02   0.124575E+02   0.121120E+02   0.117596E+02
    0.114102E+02   0.105287E+02
    0.102520E+02   0.991837E+01   0.102577E+02   0.105726E+02   0.108452E+02
    0.110971E+02   0.113415E+02   0.115772E+02   0.117961E+02   0.119827E+02
    0.121294E+02   0.122375E+02   0.123295E+02   0.124290E+02   0.125376E+02
    0.126600E+02   0.128063E+02   0.129817E+02   0.131836E+02   0.134065E+02
    0.136417E+02   0.138803E+02   0.137993E+02   0.140602E+02   0.143985E+02
    0.147574E+02   0.150010E+02   0.152136E+02   0.154315E+02   0.156212E+02
    0.158276E+02   0.160703E+02   0.163215E+02   0.164716E+02   0.166386E+02
    0.167010E+02   0.173282E+02   0.187704E+02   0.184620E+02   0.198692E+02
    0.183056E+02   0.186738E+02   0.168790E+02   0.160359E+02   0.153646E+02
    0.148433E+02   0.144873E+02   0.141538E+02   0.138319E+02   0.135131E+02
    0.131936E+02   0.128728E+02   0.125424E+02   0.121959E+02   0.118413E+02
    0.114889E+02   0.106056E+02
    0.100920E+02   0.977538E+01   0.101302E+02   0.104586E+02   0.107417E+02
    0.110002E+02   0.112481E+02   0.114865E+02   0.117082E+02   0.118969E+02
    0.120444E+02   0.121519E+02   0.122428E+02   0.123416E+02   0.124505E+02
    0.125747E+02   0.127243E+02   0.129036E+02   0.131089E+02   0.133338E+02
    0.135694E+02   0.138074E+02   0.140436E+02   0.140459E+02   0.143725E+02
    0.146353E+02   0.149036E+02   0.151292E+02   0.153432E+02   0.155595E+02
    0.157704E+02   0.159933E+02   0.162345E+02   0.164562E+02   0.163832E+02
    0.163213E+02   0.164023E+02   0.171134E+02   0.186965E+02   0.184826E+02
    0.199242E+02   0.183379E+02   0.188881E+02   0.171601E+02   0.162982E+02
    0.155955E+02   0.150289E+02   0.146640E+02   0.143201E+02   0.139457E+02
    0.135882E+02   0.132935E+02   0.130189E+02   0.126996E+02   0.123441E+02
    0.119914E+02   0.111079E+02
    0.992465E+01   0.961365E+01   0.997549E+01   0.103170E+02   0.106149E+02
    0.108842E+02   0.111366E+02   0.113762E+02   0.115989E+02   0.117891E+02
    0.119377E+02   0.120464E+02   0.121395E+02   0.122417E+02   0.123562E+02
    0.124884E+02   0.126468E+02   0.128337E+02   0.130443E+02   0.132719E+02
    0.134614E+02   0.136987E+02   0.139510E+02   0.141940E+02   0.143153E+02
    0.145905E+02   0.148331E+02   0.150560E+02   0.152672E+02   0.154848E+02
    0.156998E+02   0.158970E+02   0.160888E+02   0.163249E+02   0.164980E+02
    0.161334E+02   0.160107E+02   0.163038E+02   0.170800E+02   0.185903E+02
    0.185149E+02   0.199896E+02   0.183843E+02   0.190516E+02   0.173452E+02
    0.165812E+02   0.159365E+02   0.153464E+02   0.149702E+02   0.146119E+02
    0.141805E+02   0.137843E+02   0.135098E+02   0.132807E+02   0.129816E+02
    0.126289E+02   0.117456E+02
    0.975118E+01   0.944607E+01   0.982283E+01   0.101801E+02   0.104928E+02
    0.107717E+02   0.110278E+02   0.112677E+02   0.114912E+02   0.116835E+02
    0.118346E+02   0.119460E+02   0.120425E+02   0.121491E+02   0.122698E+02
    0.124103E+02   0.125774E+02   0.127714E+02   0.129868E+02   0.132167E+02
    0.134066E+02   0.135163E+02   0.137499E+02   0.140261E+02   0.142818E+02
    0.144599E+02   0.146946E+02   0.149438E+02   0.151767E+02   0.153971E+02
    0.156147E+02   0.158379E+02   0.159558E+02   0.160794E+02   0.163141E+02
    0.163646E+02   0.158622E+02   0.157170E+02   0.162151E+02   0.170662E+02
    0.186152E+02   0.185290E+02   0.200301E+02   0.184146E+02   0.191050E+02
    0.173486E+02   0.166090E+02   0.160087E+02   0.154597E+02   0.150692E+02
    0.146946E+02   0.141145E+02   0.135892E+02   0.134310E+02   0.133823E+02
    0.131548E+02   0.122708E+02
    0.955361E+01   0.927342E+01   0.967301E+01   0.100517E+02   0.103815E+02
    0.106709E+02   0.109312E+02   0.111719E+02   0.113965E+02   0.115920E+02
    0.117470E+02   0.118622E+02   0.119629E+02   0.120742E+02   0.122008E+02
    0.123485E+02   0.125226E+02   0.127219E+02   0.129408E+02   0.131722E+02
    0.134085E+02   0.135234E+02   0.133306E+02   0.135566E+02   0.139511E+02
    0.142803E+02   0.144622E+02   0.146859E+02   0.150237E+02   0.153111E+02
    0.155418E+02   0.157572E+02   0.160111E+02   0.159667E+02   0.158270E+02
    0.160456E+02   0.160382E+02   0.155820E+02   0.158746E+02   0.164505E+02
    0.173578E+02   0.188716E+02   0.186075E+02   0.201235E+02   0.185102E+02
    0.191291E+02   0.174292E+02   0.167448E+02   0.159759E+02   0.153076E+02
    0.149022E+02   0.145176E+02   0.139197E+02   0.133955E+02   0.132133E+02
    0.131741E+02   0.124167E+02
    0.941225E+01   0.913280E+01   0.955410E+01   0.995150E+01   0.102971E+02
    0.105977E+02   0.108637E+02   0.111064E+02   0.113328E+02   0.115317E+02
    0.116907E+02   0.118094E+02   0.119131E+02   0.120271E+02   0.121567E+02
    0.123077E+02   0.124850E+02   0.126868E+02   0.129072E+02   0.131392E+02
    0.133753E+02   0.136098E+02   0.135220E+02   0.131850E+02   0.134006E+02
    0.138585E+02   0.142215E+02   0.143944E+02   0.146276E+02   0.150002E+02
    0.154149E+02   0.156641E+02   0.158626E+02   0.161759E+02   0.159340E+02
    0.155667E+02   0.157152E+02   0.156799E+02   0.156090E+02   0.161163E+02
    0.166525E+02   0.175998E+02   0.191342E+02   0.187042E+02   0.202201E+02
    0.186224E+02   0.190934E+02   0.174959E+02   0.168124E+02   0.159576E+02
    0.152567E+02   0.148388E+02   0.144427E+02   0.139352E+02   0.134809E+02
    0.132059E+02   0.125029E+02
    0.928270E+01   0.902751E+01   0.947009E+01   0.988137E+01   0.102375E+02
    0.105462E+02   0.108181E+02   0.110655E+02   0.112969E+02   0.115010E+02
    0.116641E+02   0.117850E+02   0.118893E+02   0.120035E+02   0.121331E+02
    0.122843E+02   0.124621E+02   0.126647E+02   0.128859E+02   0.131184E+02
    0.133422E+02   0.135419E+02   0.137718E+02   0.137761E+02   0.134361E+02
    0.136411E+02   0.141288E+02   0.144921E+02   0.146674E+02   0.149071E+02
    0.152762E+02   0.156700E+02   0.158722E+02   0.160525E+02   0.162903E+02
    0.161178E+02   0.155509E+02   0.155946E+02   0.155859E+02   0.157504E+02
    0.163535E+02   0.169193E+02   0.179326E+02   0.194744E+02   0.189909E+02
    0.204906E+02   0.189226E+02   0.193815E+02   0.179620E+02   0.172752E+02
    0.164063E+02   0.157056E+02   0.152715E+02   0.148600E+02   0.144420E+02
    0.140513E+02   0.131691E+02
    0.917919E+01   0.894715E+01   0.940038E+01   0.981432E+01   0.101722E+02
    0.104857E+02   0.107664E+02   0.110240E+02   0.112638E+02   0.114736E+02
    0.116402E+02   0.117631E+02   0.118681E+02   0.119820E+02   0.121105E+02
    0.122602E+02   0.124368E+02   0.126387E+02   0.128597E+02   0.130925E+02
    0.132825E+02   0.134847E+02   0.136199E+02   0.138430E+02   0.139961E+02
    0.138141E+02   0.140106E+02   0.144692E+02   0.148024E+02   0.149867E+02
    0.152328E+02   0.155457E+02   0.158319E+02   0.159975E+02   0.160881E+02
    0.162736E+02   0.162379E+02   0.155383E+02   0.153019E+02   0.153375E+02
    0.155989E+02   0.162018E+02   0.169159E+02   0.180178E+02   0.196814E+02
    0.192074E+02   0.206760E+02   0.191455E+02   0.196317E+02   0.184037E+02
    0.177043E+02   0.169078E+02   0.162467E+02   0.157975E+02   0.153776E+02
    0.149806E+02   0.140759E+02
    0.906015E+01   0.885335E+01   0.931293E+01   0.972269E+01   0.100746E+02
    0.103876E+02   0.106764E+02   0.109469E+02   0.111983E+02   0.114152E+02
    0.115855E+02   0.117101E+02   0.118156E+02   0.119296E+02   0.120582E+02
    0.122081E+02   0.123851E+02   0.125882E+02   0.128105E+02   0.130446E+02
    0.132356E+02   0.133566E+02   0.135057E+02   0.134243E+02   0.136367E+02
    0.139691E+02   0.141200E+02   0.143111E+02   0.146985E+02   0.149390E+02
    0.151367E+02   0.153809E+02   0.156666E+02   0.158948E+02   0.159559E+02
    0.158148E+02   0.159337E+02   0.159724E+02   0.153087E+02   0.151935E+02
    0.153180E+02   0.155786E+02   0.160537E+02   0.168678E+02   0.180267E+02
    0.196156E+02   0.192563E+02   0.206816E+02   0.191971E+02   0.196515E+02
    0.186054E+02   0.179105E+02   0.172548E+02   0.166885E+02   0.162340E+02
    0.158142E+02   0.148988E+02
    0.895400E+01   0.878585E+01   0.925607E+01   0.966495E+01   0.100129E+02
    0.103256E+02   0.106186E+02   0.108942E+02   0.111483E+02   0.113653E+02
    0.115347E+02   0.116581E+02   0.117625E+02   0.118759E+02   0.120040E+02
    0.121535E+02   0.123309E+02   0.125350E+02   0.127588E+02   0.129942E+02
    0.131862E+02   0.132952E+02   0.131605E+02   0.133138E+02   0.131667E+02
    0.133667E+02   0.137594E+02   0.139936E+02   0.141853E+02   0.145386E+02
    0.147356E+02   0.149474E+02   0.152519E+02   0.156091E+02   0.157965E+02
    0.159694E+02   0.154873E+02   0.155054E+02   0.156488E+02   0.152245E+02
    0.152527E+02   0.154447E+02   0.157212E+02   0.161327E+02   0.170621E+02
    0.181452E+02   0.195784E+02   0.192169E+02   0.205865E+02   0.191595E+02
    0.194174E+02   0.184793E+02   0.177981E+02   0.171761E+02   0.166382E+02
    0.161857E+02   0.152562E+02
    0.884993E+01   0.873497E+01   0.921634E+01   0.962595E+01   0.996916E+01
    0.102783E+02   0.105695E+02   0.108407E+02   0.110864E+02   0.112950E+02
    0.114592E+02   0.115808E+02   0.116859E+02   0.118013E+02   0.119322E+02
    0.120847E+02   0.122650E+02   0.124714E+02   0.126966E+02   0.129326E+02
    0.131248E+02   0.132335E+02   0.130550E+02   0.129329E+02   0.131751E+02
    0.130933E+02   0.132839E+02   0.136411E+02   0.138825E+02   0.140807E+02
    0.143476E+02   0.144225E+02   0.146515E+02   0.150154E+02   0.154120E+02
    0.156168E+02   0.158370E+02   0.151409E+02   0.152038E+02   0.155822E+02
    0.154735E+02   0.156424E+02   0.158777E+02   0.161858E+02   0.165775E+02
    0.174461E+02   0.183847E+02   0.195763E+02   0.192432E+02   0.205377E+02
    0.191770E+02   0.192565E+02   0.183595E+02   0.176720E+02   0.170797E+02
    0.165827E+02   0.156259E+02
    0.886523E+01   0.872820E+01   0.921099E+01   0.962272E+01   0.996896E+01
    0.102749E+02   0.105515E+02   0.108018E+02   0.110286E+02   0.112221E+02
    0.113745E+02   0.114909E+02   0.115992E+02   0.117234E+02   0.118662E+02
    0.120325E+02   0.122264E+02   0.124452E+02   0.126814E+02   0.129262E+02
    0.131252E+02   0.132396E+02   0.130650E+02   0.127794E+02   0.126385E+02
    0.129197E+02   0.129272E+02   0.131063E+02   0.134024E+02   0.135912E+02
    0.137899E+02   0.140096E+02   0.141349E+02   0.145476E+02   0.150495E+02
    0.154925E+02   0.157427E+02   0.159873E+02   0.152442E+02   0.153434E+02
    0.158523E+02   0.158718E+02   0.160901E+02   0.163651E+02   0.166783E+02
    0.170057E+02   0.177858E+02   0.183472E+02   0.194990E+02   0.192634E+02
    0.205306E+02   0.191987E+02   0.192064E+02   0.182411E+02   0.174908E+02
    0.167974E+02   0.157992E+02
  
 log(Bij)/0.150:
    0.169781E+02   0.165741E+02   0.169683E+02   0.173939E+02   0.178651E+02
    0.184885E+02   0.198878E+02   0.193212E+02   0.207730E+02   0.191375E+02
    0.194717E+02   0.180251E+02   0.172859E+02   0.166929E+02   0.161613E+02
    0.156615E+02   0.151859E+02   0.147351E+02   0.143168E+02   0.139411E+02
    0.135979E+02   0.132653E+02   0.129402E+02   0.126252E+02   0.123210E+02
    0.120253E+02   0.117330E+02   0.114362E+02   0.111264E+02   0.107975E+02
    0.104470E+02   0.100769E+02   0.969297E+01   0.930216E+01   0.890740E+01
    0.851020E+01   0.811441E+01   0.772589E+01   0.735156E+01   0.699736E+01
    0.666846E+01   0.636282E+01   0.607271E+01   0.579569E+01   0.552592E+01
    0.525736E+01   0.498328E+01   0.469637E+01   0.438979E+01   0.405981E+01
    0.371349E+01   0.336304E+01   0.300840E+01   0.264706E+01   0.228841E+01
    0.194115E+01   0.106323E+01
    0.166454E+02   0.161766E+02   0.165587E+02   0.169610E+02   0.173752E+02
    0.178486E+02   0.184741E+02   0.198317E+02   0.192701E+02   0.207269E+02
    0.191323E+02   0.194270E+02   0.179943E+02   0.172504E+02   0.166435E+02
    0.160980E+02   0.155903E+02   0.151115E+02   0.146648E+02   0.142613E+02
    0.138932E+02   0.135379E+02   0.131917E+02   0.128571E+02   0.125348E+02
    0.122229E+02   0.119162E+02   0.116074E+02   0.112879E+02   0.109515E+02
    0.105953E+02   0.102210E+02   0.983391E+01   0.944052E+01   0.904364E+01
    0.864476E+01   0.824766E+01   0.785805E+01   0.748272E+01   0.712750E+01
    0.679832E+01   0.649254E+01   0.620103E+01   0.592283E+01   0.565218E+01
    0.538316E+01   0.510920E+01   0.482315E+01   0.451846E+01   0.419149E+01
    0.384896E+01   0.350234E+01   0.315097E+01   0.279207E+01   0.243489E+01
    0.208812E+01   0.121022E+01
    0.164585E+02   0.159230E+02   0.162925E+02   0.166756E+02   0.170522E+02
    0.174441E+02   0.178901E+02   0.184721E+02   0.197418E+02   0.192736E+02
    0.206752E+02   0.191471E+02   0.193337E+02   0.179306E+02   0.171877E+02
    0.165804E+02   0.160388E+02   0.155374E+02   0.150700E+02   0.146432E+02
    0.142507E+02   0.138722E+02   0.135042E+02   0.131490E+02   0.128073E+02
    0.124773E+02   0.121544E+02   0.118316E+02   0.115005E+02   0.111547E+02
    0.107912E+02   0.104112E+02   0.100197E+02   0.962290E+01   0.922343E+01
    0.882271E+01   0.842437E+01   0.803390E+01   0.765783E+01   0.730180E+01
    0.697167E+01   0.666474E+01   0.637179E+01   0.609209E+01   0.582004E+01
    0.554991E+01   0.527527E+01   0.498917E+01   0.468520E+01   0.435977E+01
    0.401936E+01   0.367490E+01   0.332539E+01   0.296786E+01   0.261149E+01
    0.226498E+01   0.138709E+01
    0.164101E+02   0.158159E+02   0.161700E+02   0.165331E+02   0.168799E+02
    0.172200E+02   0.175721E+02   0.179754E+02   0.185231E+02   0.197461E+02
    0.193684E+02   0.207174E+02   0.192312E+02   0.193359E+02   0.179486E+02
    0.172108E+02   0.166096E+02   0.160749E+02   0.155844E+02   0.151359E+02
    0.147215E+02   0.143227E+02   0.139357E+02   0.135621E+02   0.132028E+02
    0.128562E+02   0.125183E+02   0.121823E+02   0.118405E+02   0.114867E+02
    0.111177E+02   0.107341E+02   0.103401E+02   0.994150E+01   0.954060E+01
    0.913873E+01   0.873935E+01   0.834782E+01   0.797056E+01   0.761319E+01
    0.728160E+01   0.697341E+01   0.667980E+01   0.639977E+01   0.612766E+01
    0.585776E+01   0.558384E+01   0.529924E+01   0.499773E+01   0.467556E+01
    0.433846E+01   0.399647E+01   0.364822E+01   0.329092E+01   0.293415E+01
    0.258699E+01   0.170868E+01
    0.163707E+02   0.157139E+02   0.160516E+02   0.163965E+02   0.167193E+02
    0.170207E+02   0.173101E+02   0.176149E+02   0.179944E+02   0.185359E+02
    0.197402E+02   0.194309E+02   0.207389E+02   0.192773E+02   0.193222E+02
    0.179459E+02   0.172158E+02   0.166211E+02   0.160959E+02   0.156216E+02
    0.151845E+02   0.147662E+02   0.143615E+02   0.139713E+02   0.135960E+02
    0.132343E+02   0.128824E+02   0.125341E+02   0.121824E+02   0.118211E+02
    0.114469E+02   0.110597E+02   0.106632E+02   0.102624E+02   0.985958E+01
    0.945576E+01   0.905440E+01   0.866088E+01   0.828164E+01   0.792241E+01
    0.758898E+01   0.727934E+01   0.698510E+01   0.670487E+01   0.643289E+01
    0.616339E+01   0.589028E+01   0.560710E+01   0.530775E+01   0.498836E+01
    0.465405E+01   0.431410E+01   0.396688E+01   0.360971E+01   0.325249E+01
    0.290467E+01   0.202593E+01
    0.163359E+02   0.156112E+02   0.159309E+02   0.162578E+02   0.165596E+02
    0.168298E+02   0.170727E+02   0.173131E+02   0.176032E+02   0.179929E+02
    0.185374E+02   0.197296E+02   0.194711E+02   0.207466E+02   0.192971E+02
    0.193026E+02   0.179311E+02   0.172078E+02   0.166216E+02   0.161098E+02
    0.156453E+02   0.152056E+02   0.147830E+02   0.143767E+02   0.139866E+02
    0.136111E+02   0.132467E+02   0.128874E+02   0.125266E+02   0.121587E+02
    0.117801E+02   0.113899E+02   0.109911E+02   0.105883E+02   0.101835E+02
    0.977749E+01   0.937382E+01   0.897786E+01   0.859616E+01   0.823462E+01
    0.789902E+01   0.758773E+01   0.729285E+01   0.701256E+01   0.674092E+01
    0.647211E+01   0.620021E+01   0.591899E+01   0.562255E+01   0.530688E+01
    0.497630E+01   0.463917E+01   0.429343E+01   0.393658E+01   0.357894E+01
    0.323032E+01   0.235100E+01
    0.162929E+02   0.155012E+02   0.157994E+02   0.161064E+02   0.163860E+02
    0.166266E+02   0.168297E+02   0.170205E+02   0.172520E+02   0.175647E+02
    0.179703E+02   0.185136E+02   0.196957E+02   0.194717E+02   0.207257E+02
    0.192838E+02   0.192631E+02   0.178896E+02   0.171747E+02   0.166003E+02
    0.160973E+02   0.156312E+02   0.151888E+02   0.147665E+02   0.143625E+02
    0.139748E+02   0.135994E+02   0.132305E+02   0.128620E+02   0.124888E+02
    0.121069E+02   0.117147E+02   0.113146E+02   0.109105E+02   0.105041E+02
    0.100964E+02   0.969051E+01   0.929199E+01   0.890743E+01   0.854298E+01
    0.820448E+01   0.789092E+01   0.759512E+01   0.731466E+01   0.704343E+01
    0.677553E+01   0.650534E+01   0.622697E+01   0.593478E+01   0.562453E+01
    0.529937E+01   0.496622E+01   0.462242E+01   0.426569E+01   0.390707E+01
    0.355703E+01   0.267679E+01
    0.162488E+02   0.153973E+02   0.156736E+02   0.159575E+02   0.162107E+02
    0.164184E+02   0.165816E+02   0.167281E+02   0.169135E+02   0.171763E+02
    0.175138E+02   0.179244E+02   0.184602E+02   0.196296E+02   0.194357E+02
    0.206725E+02   0.192394E+02   0.191958E+02   0.178229E+02   0.171193E+02
    0.165536E+02   0.160507E+02   0.155840E+02   0.151440E+02   0.147262E+02
    0.143269E+02   0.139415E+02   0.135640E+02   0.131886E+02   0.128105E+02
    0.124256E+02   0.120319E+02   0.116311E+02   0.112266E+02   0.108199E+02
    0.104119E+02   0.100056E+02   0.960622E+01   0.922024E+01   0.885387E+01
    0.851269E+01   0.819635E+01   0.789869E+01   0.761666E+01   0.734431E+01
    0.707596E+01   0.680629E+01   0.652982E+01   0.624122E+01   0.593607E+01
    0.561631E+01   0.528716E+01   0.494494E+01   0.458735E+01   0.422627E+01
    0.387330E+01   0.299130E+01
    0.162329E+02   0.153350E+02   0.155869E+02   0.158434E+02   0.160647E+02
    0.162363E+02   0.163616E+02   0.164716E+02   0.166233E+02   0.168536E+02
    0.171522E+02   0.175011E+02   0.179079E+02   0.184308E+02   0.195892E+02
    0.194192E+02   0.206435E+02   0.192174E+02   0.191591E+02   0.177905E+02
    0.170930E+02   0.165276E+02   0.160250E+02   0.155617E+02   0.151271E+02
    0.147144E+02   0.143176E+02   0.139303E+02   0.135466E+02   0.131618E+02
    0.127718E+02   0.123745E+02   0.119714E+02   0.115658E+02   0.111589E+02
    0.107516E+02   0.103466E+02   0.994867E+01   0.956384E+01   0.919795E+01
    0.885587E+01   0.853752E+01   0.823764E+01   0.795280E+01   0.767751E+01
    0.740657E+01   0.713494E+01   0.685734E+01   0.656864E+01   0.626452E+01
    0.594656E+01   0.561929E+01   0.527844E+01   0.492137E+01   0.456001E+01
    0.420627E+01   0.332374E+01
    0.162531E+02   0.153268E+02   0.155560E+02   0.157846E+02   0.159721E+02
    0.161069E+02   0.161964E+02   0.162755E+02   0.164018E+02   0.166086E+02
    0.168811E+02   0.171942E+02   0.175405E+02   0.179357E+02   0.184458E+02
    0.195889E+02   0.194436E+02   0.206559E+02   0.192404E+02   0.191655E+02
    0.178086E+02   0.171089E+02   0.165440E+02   0.160460E+02   0.155896E+02
    0.151618E+02   0.147535E+02   0.143571E+02   0.139662E+02   0.135760E+02
    0.131825E+02   0.127835E+02   0.123803E+02   0.119757E+02   0.115709E+02
    0.111667E+02   0.107652E+02   0.103705E+02   0.998775E+01   0.962248E+01
    0.927906E+01   0.895779E+01   0.865433E+01   0.836501E+01   0.808508E+01
    0.781010E+01   0.753553E+01   0.725640E+01   0.696797E+01   0.666589E+01
    0.635078E+01   0.602572E+01   0.568519E+01   0.532621E+01   0.496159E+01
    0.460456E+01   0.372027E+01
    0.163008E+02   0.153505E+02   0.155551E+02   0.157547E+02   0.159088E+02
    0.160118E+02   0.160732E+02   0.161267E+02   0.162274E+02   0.164095E+02
    0.166587E+02   0.169465E+02   0.172571E+02   0.175913E+02   0.179721E+02
    0.184687E+02   0.195944E+02   0.194759E+02   0.206789E+02   0.192804E+02
    0.191844E+02   0.178402E+02   0.171382E+02   0.165759E+02   0.160829E+02
    0.156315E+02   0.152070E+02   0.147991E+02   0.143999E+02   0.140039E+02
    0.136065E+02   0.132053E+02   0.128013E+02   0.123968E+02   0.119931E+02
    0.115907E+02   0.111917E+02   0.107995E+02   0.104190E+02   0.100552E+02
    0.971187E+01   0.938916E+01   0.908339E+01   0.879094E+01   0.850769E+01
    0.822970E+01   0.795253E+01   0.767121E+01   0.738126E+01   0.707873E+01
    0.676433E+01   0.644062E+01   0.610109E+01   0.574184E+01   0.537571E+01
    0.501670E+01   0.413126E+01
    0.163614E+02   0.153783E+02   0.155632E+02   0.157410E+02   0.158701E+02
    0.159462E+02   0.159799E+02   0.160058E+02   0.160796E+02   0.162364E+02
    0.164629E+02   0.167285E+02   0.170131E+02   0.173098E+02   0.176268E+02
    0.179905E+02   0.184731E+02   0.195841E+02   0.194977E+02   0.206905E+02
    0.193134E+02   0.191878E+02   0.178624E+02   0.171622E+02   0.166039E+02
    0.161157E+02   0.156685E+02   0.152464E+02   0.148387E+02   0.144380E+02
    0.140387E+02   0.136374E+02   0.132342E+02   0.128311E+02   0.124288E+02
    0.120279E+02   0.116304E+02   0.112395E+02   0.108600E+02   0.104969E+02
    0.101532E+02   0.982928E+01   0.952182E+01   0.922730E+01   0.894205E+01
    0.866247E+01   0.838415E+01   0.810208E+01   0.781211E+01   0.751057E+01
    0.719796E+01   0.687607E+01   0.653716E+01   0.617647E+01   0.580728E+01
    0.544490E+01   0.455766E+01
    0.164328E+02   0.154240E+02   0.155923E+02   0.157476E+02   0.158511E+02
    0.159010E+02   0.159090E+02   0.159100E+02   0.159591E+02   0.160909E+02
    0.162932E+02   0.165361E+02   0.167973E+02   0.170657E+02   0.173419E+02
    0.176379E+02   0.179833E+02   0.184577E+02   0.195572E+02   0.195136E+02
    0.206877E+02   0.193273E+02   0.191723E+02   0.178744E+02   0.171798E+02
    0.166270E+02   0.161442E+02   0.157016E+02   0.152824E+02   0.148762E+02
    0.144751E+02   0.140745E+02   0.136733E+02   0.132726E+02   0.128726E+02
    0.124739E+02   0.120780E+02   0.116881E+02   0.113091E+02   0.109457E+02
    0.106011E+02   0.102754E+02   0.996599E+01   0.966935E+01   0.938221E+01
    0.910131E+01   0.882230E+01   0.854017E+01   0.825113E+01   0.795169E+01
    0.764176E+01   0.732184E+01   0.698271E+01   0.661880E+01   0.624436E+01
    0.587670E+01   0.498678E+01
    0.164979E+02   0.154635E+02   0.156219E+02   0.157619E+02   0.158468E+02
    0.158745E+02   0.158567E+02   0.158299E+02   0.158510E+02   0.159557E+02
    0.161333E+02   0.163539E+02   0.165940E+02   0.168393E+02   0.170864E+02
    0.173412E+02   0.176196E+02   0.179563E+02   0.184343E+02   0.195257E+02
    0.195182E+02   0.206752E+02   0.193269E+02   0.191503E+02   0.178814E+02
    0.171946E+02   0.166487E+02   0.161715E+02   0.157324E+02   0.153149E+02
    0.149079E+02   0.145047E+02   0.141029E+02   0.137027E+02   0.133036E+02
    0.129056E+02   0.125102E+02   0.121203E+02   0.117406E+02   0.113762E+02
    0.110303E+02   0.107035E+02   0.103933E+02   0.100961E+02   0.980872E+01
    0.952779E+01   0.924902E+01   0.896740E+01   0.867913E+01   0.838056E+01
    0.807112E+01   0.775079E+01   0.741005E+01   0.704332E+01   0.666554E+01
    0.629514E+01   0.540410E+01
    0.165530E+02   0.154941E+02   0.156456E+02   0.157710E+02   0.158374E+02
    0.158432E+02   0.158015E+02   0.157512E+02   0.157502E+02   0.158330E+02
    0.159888E+02   0.161890E+02   0.164101E+02   0.166364E+02   0.168621E+02
    0.170895E+02   0.173290E+02   0.176008E+02   0.179423E+02   0.184348E+02
    0.195255E+02   0.195279E+02   0.206822E+02   0.193388E+02   0.191633E+02
    0.179173E+02   0.172366E+02   0.166953E+02   0.162212E+02   0.157840E+02
    0.153663E+02   0.149579E+02   0.145544E+02   0.141543E+02   0.137565E+02
    0.133603E+02   0.129666E+02   0.125780E+02   0.121991E+02   0.118349E+02
    0.114888E+02   0.111618E+02   0.108514E+02   0.105541E+02   0.102667E+02
    0.998601E+01   0.970774E+01   0.942708E+01   0.914031E+01   0.884360E+01
    0.853584E+01   0.821641E+01   0.787553E+01   0.750767E+01   0.712826E+01
    0.675645E+01   0.586480E+01
    0.166132E+02   0.155247E+02   0.156642E+02   0.157703E+02   0.158149E+02
    0.158007E+02   0.157434E+02   0.156811E+02   0.156678E+02   0.157338E+02
    0.158686E+02   0.160471E+02   0.162480E+02   0.164554E+02   0.166619E+02
    0.168680E+02   0.170815E+02   0.173163E+02   0.175941E+02   0.179499E+02
    0.184572E+02   0.195453E+02   0.195459E+02   0.207042E+02   0.193639E+02
    0.191987E+02   0.179737E+02   0.172965E+02   0.167576E+02   0.162850E+02
    0.158473E+02   0.154280E+02   0.150191E+02   0.146172E+02   0.142197E+02
    0.138253E+02   0.134341E+02   0.130480E+02   0.126709E+02   0.123075E+02
    0.119610E+02   0.116327E+02   0.113205E+02   0.110212E+02   0.107317E+02
    0.104492E+02   0.101697E+02   0.988858E+01   0.960211E+01   0.930642E+01
    0.899997E+01   0.868161E+01   0.834130E+01   0.797347E+01   0.759377E+01
    0.722178E+01   0.633014E+01
    0.166659E+02   0.155620E+02   0.156864E+02   0.157688E+02   0.157845E+02
    0.157469E+02   0.156788E+02   0.156174E+02   0.156054E+02   0.156620E+02
    0.157772E+02   0.159322E+02   0.161103E+02   0.162974E+02   0.164846E+02
    0.166707E+02   0.168624E+02   0.170715E+02   0.173125E+02   0.176037E+02
    0.179737E+02   0.184906E+02   0.195721E+02   0.195707E+02   0.207330E+02
    0.193971E+02   0.192393E+02   0.180399E+02   0.173652E+02   0.168279E+02
    0.163553E+02   0.159170E+02   0.154984E+02   0.150926E+02   0.146952E+02
    0.143037E+02   0.139170E+02   0.135359E+02   0.131632E+02   0.128029E+02
    0.124577E+02   0.121286E+02   0.118136E+02   0.115101E+02   0.112159E+02
    0.109291E+02   0.106459E+02   0.103619E+02   0.100737E+02   0.977794E+01
    0.947264E+01   0.915600E+01   0.881694E+01   0.844913E+01   0.806828E+01
    0.769478E+01   0.680228E+01
    0.166977E+02   0.155948E+02   0.157099E+02   0.157771E+02   0.157718E+02
    0.157141E+02   0.156334E+02   0.155668E+02   0.155499E+02   0.155945E+02
    0.156912E+02   0.158251E+02   0.159829E+02   0.161517E+02   0.163217E+02
    0.164907E+02   0.166652E+02   0.168560E+02   0.170738E+02   0.173294E+02
    0.176346E+02   0.180152E+02   0.185396E+02   0.196121E+02   0.196077E+02
    0.207721E+02   0.194406E+02   0.192849E+02   0.181163E+02   0.174434E+02
    0.169051E+02   0.164310E+02   0.159924E+02   0.155760E+02   0.151740E+02
    0.147818E+02   0.143969E+02   0.140191E+02   0.136504E+02   0.132940E+02
    0.129521E+02   0.126251E+02   0.123109E+02   0.120069E+02   0.117116E+02
    0.114232E+02   0.111383E+02   0.108522E+02   0.105620E+02   0.102645E+02
    0.995828E+01   0.964182E+01   0.930376E+01   0.893713E+01   0.855713E+01
    0.818398E+01   0.729150E+01
    0.167211E+02   0.156244E+02   0.157295E+02   0.157853E+02   0.157645E+02
    0.156917E+02   0.156004E+02   0.155279E+02   0.155042E+02   0.155370E+02
    0.156174E+02   0.157328E+02   0.158722E+02   0.160241E+02   0.161784E+02
    0.163326E+02   0.164933E+02   0.166707E+02   0.168734E+02   0.171077E+02
    0.173777E+02   0.176933E+02   0.180817E+02   0.186128E+02   0.196705E+02
    0.196641E+02   0.208278E+02   0.195039E+02   0.193402E+02   0.182083E+02
    0.175372E+02   0.169966E+02   0.165214E+02   0.160847E+02   0.156725E+02
    0.152768E+02   0.148929E+02   0.145186E+02   0.141548E+02   0.138038E+02
    0.134667E+02   0.131432E+02   0.128310E+02   0.125275E+02   0.122313E+02
    0.119413E+02   0.116539E+02   0.113648E+02   0.110707E+02   0.107687E+02
    0.104584E+02   0.101391E+02   0.979987E+01   0.943357E+01   0.905466E+01
    0.868268E+01   0.779079E+01
    0.167303E+02   0.156414E+02   0.157394E+02   0.157883E+02   0.157581E+02
    0.156752E+02   0.155742E+02   0.154921E+02   0.154578E+02   0.154782E+02
    0.155444E+02   0.156444E+02   0.157682E+02   0.159048E+02   0.160447E+02
    0.161860E+02   0.163358E+02   0.165037E+02   0.166966E+02   0.169182E+02
    0.171680E+02   0.174487E+02   0.177728E+02   0.181677E+02   0.187052E+02
    0.197401E+02   0.197364E+02   0.208941E+02   0.195806E+02   0.193956E+02
    0.183015E+02   0.176367E+02   0.170978E+02   0.166253E+02   0.161928E+02
    0.157862E+02   0.153976E+02   0.150224E+02   0.146602E+02   0.143118E+02
    0.139777E+02   0.136571E+02   0.133471E+02   0.130451E+02   0.127497E+02
    0.124596E+02   0.121712E+02   0.118798E+02   0.115820E+02   0.112746E+02
    0.109584E+02   0.106344E+02   0.102930E+02   0.992729E+01   0.955088E+01
    0.918191E+01   0.829173E+01
    0.167257E+02   0.156390E+02   0.157322E+02   0.157781E+02   0.157447E+02
    0.156568E+02   0.155473E+02   0.154531E+02   0.154057E+02   0.154136E+02
    0.154680E+02   0.155563E+02   0.156679E+02   0.157924E+02   0.159208E+02
    0.160522E+02   0.161943E+02   0.163559E+02   0.165426E+02   0.167565E+02
    0.169944E+02   0.172547E+02   0.175434E+02   0.178731E+02   0.182728E+02
    0.188148E+02   0.198172E+02   0.198251E+02   0.209696E+02   0.196698E+02
    0.194478E+02   0.183922E+02   0.177413E+02   0.172102E+02   0.167441E+02
    0.163178E+02   0.159178E+02   0.155368E+02   0.151720E+02   0.148232E+02
    0.144901E+02   0.141712E+02   0.138636E+02   0.135641E+02   0.132709E+02
    0.129823E+02   0.126946E+02   0.124026E+02   0.121024E+02   0.117907E+02
    0.114690E+02   0.111403E+02   0.107966E+02   0.104317E+02   0.100584E+02
    0.969311E+01   0.880501E+01
    0.167097E+02   0.156130E+02   0.157046E+02   0.157501E+02   0.157181E+02
    0.156295E+02   0.155130E+02   0.154055E+02   0.153430E+02   0.153385E+02
    0.153833E+02   0.154632E+02   0.155668E+02   0.156834E+02   0.158046E+02
    0.159306E+02   0.160689E+02   0.162271E+02   0.164102E+02   0.166193E+02
    0.168499E+02   0.170979E+02   0.173657E+02   0.176596E+02   0.179932E+02
    0.183984E+02   0.189408E+02   0.199007E+02   0.199306E+02   0.210545E+02
    0.197699E+02   0.194979E+02   0.184793E+02   0.178486E+02   0.173296E+02
    0.168718E+02   0.164520E+02   0.160584E+02   0.156857E+02   0.153323E+02
    0.149970E+02   0.146781E+02   0.143722E+02   0.140755E+02   0.137855E+02
    0.134999E+02   0.132146E+02   0.129244E+02   0.126248E+02   0.123120E+02
    0.119880E+02   0.116570E+02   0.113123E+02   0.109490E+02   0.105792E+02
    0.102179E+02   0.933194E+01
    0.166620E+02   0.155464E+02   0.156426E+02   0.156982E+02   0.156803E+02
    0.155984E+02   0.154726E+02   0.153408E+02   0.152510E+02   0.152280E+02
    0.152638E+02   0.153402E+02   0.154423E+02   0.155570E+02   0.156766E+02
    0.158030E+02   0.159427E+02   0.161018E+02   0.162852E+02   0.164940E+02
    0.167223E+02   0.169641E+02   0.172197E+02   0.174922E+02   0.177886E+02
    0.181260E+02   0.185351E+02   0.190668E+02   0.199781E+02   0.200383E+02
    0.211382E+02   0.198694E+02   0.195411E+02   0.185480E+02   0.179369E+02
    0.174272E+02   0.169733E+02   0.165556E+02   0.161660E+02   0.158015E+02
    0.154605E+02   0.151408E+02   0.148383E+02   0.145484E+02   0.142669E+02
    0.139896E+02   0.137119E+02   0.134281E+02   0.131336E+02   0.128241E+02
    0.125020E+02   0.121725E+02   0.118307E+02   0.114724E+02   0.111089E+02
    0.107533E+02   0.987010E+01
    0.165864E+02   0.154486E+02   0.155415E+02   0.156015E+02   0.155896E+02
    0.155093E+02   0.153775E+02   0.152333E+02   0.151302E+02   0.150980E+02
    0.151290E+02   0.152029E+02   0.153030E+02   0.154158E+02   0.155348E+02
    0.156632E+02   0.158062E+02   0.159678E+02   0.161525E+02   0.163616E+02
    0.165886E+02   0.168270E+02   0.170759E+02   0.173366E+02   0.176127E+02
    0.179142E+02   0.182577E+02   0.186649E+02   0.191723E+02   0.200339E+02
    0.201333E+02   0.212062E+02   0.199513E+02   0.195636E+02   0.185774E+02
    0.179852E+02   0.174878E+02   0.170438E+02   0.166375E+02   0.162625E+02
    0.159154E+02   0.155929E+02   0.152903E+02   0.150021E+02   0.147230E+02
    0.144482E+02   0.141723E+02   0.138899E+02   0.135958E+02   0.132856E+02
    0.129619E+02   0.126312E+02   0.122899E+02   0.119347E+02   0.115760E+02
    0.112250E+02   0.103442E+02
    0.165230E+02   0.153683E+02   0.154528E+02   0.155112E+02   0.154992E+02
    0.154187E+02   0.152860E+02   0.151408E+02   0.150367E+02   0.150033E+02
    0.150322E+02   0.151029E+02   0.151989E+02   0.153077E+02   0.154240E+02
    0.155516E+02   0.156954E+02   0.158585E+02   0.160445E+02   0.162546E+02
    0.164821E+02   0.167201E+02   0.169669E+02   0.172227E+02   0.174888E+02
    0.177712E+02   0.180799E+02   0.184251E+02   0.188197E+02   0.192916E+02
    0.201103E+02   0.202508E+02   0.213009E+02   0.200584E+02   0.196185E+02
    0.186207E+02   0.180457E+02   0.175630E+02   0.171345E+02   0.167459E+02
    0.163903E+02   0.160624E+02   0.157564E+02   0.154660E+02   0.151854E+02
    0.149093E+02   0.146324E+02   0.143489E+02   0.140534E+02   0.137413E+02
    0.134157E+02   0.130837E+02   0.127426E+02   0.123893E+02   0.120335E+02
    0.116854E+02   0.108062E+02
    0.164869E+02   0.153190E+02   0.153966E+02   0.154505E+02   0.154353E+02
    0.153538E+02   0.152236E+02   0.150846E+02   0.149877E+02   0.149588E+02
    0.149879E+02   0.150551E+02   0.151459E+02   0.152494E+02   0.153610E+02
    0.154848E+02   0.156262E+02   0.157886E+02   0.159752E+02   0.161866E+02
    0.164161E+02   0.166561E+02   0.169042E+02   0.171594E+02   0.174214E+02
    0.176938E+02   0.179830E+02   0.182944E+02   0.186323E+02   0.190041E+02
    0.194357E+02   0.202287E+02   0.204043E+02   0.214398E+02   0.202045E+02
    0.197325E+02   0.187037E+02   0.181440E+02   0.176779E+02   0.172677E+02
    0.168984E+02   0.165611E+02   0.162482E+02   0.159524E+02   0.156675E+02
    0.153880E+02   0.151085E+02   0.148230E+02   0.145260E+02   0.142130E+02
    0.138869E+02   0.135549E+02   0.132146E+02   0.128626E+02   0.125083E+02
    0.121614E+02   0.112827E+02
    0.164735E+02   0.153067E+02   0.153798E+02   0.154236E+02   0.153986E+02
    0.153137E+02   0.151900E+02   0.150651E+02   0.149829E+02   0.149622E+02
    0.149921E+02   0.150546E+02   0.151384E+02   0.152351E+02   0.153397E+02
    0.154562E+02   0.155917E+02   0.157509E+02   0.159367E+02   0.161491E+02
    0.163807E+02   0.166237E+02   0.168747E+02   0.171315E+02   0.173924E+02
    0.176594E+02   0.179374E+02   0.182296E+02   0.185366E+02   0.188588E+02
    0.192021E+02   0.195945E+02   0.203798E+02   0.205837E+02   0.216116E+02
    0.203782E+02   0.198933E+02   0.188214E+02   0.182762E+02   0.178273E+02
    0.174350E+02   0.170823E+02   0.167580E+02   0.164533E+02   0.161614E+02
    0.158765E+02   0.155928E+02   0.153046E+02   0.150060E+02   0.146926E+02
    0.143669E+02   0.140356E+02   0.136960E+02   0.133445E+02   0.129903E+02
    0.126433E+02   0.117645E+02
    0.164580E+02   0.153086E+02   0.153831E+02   0.154195E+02   0.153866E+02
    0.152994E+02   0.151822E+02   0.150706E+02   0.150019E+02   0.149889E+02
    0.150195E+02   0.150779E+02   0.151556E+02   0.152462E+02   0.153440E+02
    0.154529E+02   0.155818E+02   0.157373E+02   0.159222E+02   0.161357E+02
    0.163697E+02   0.166158E+02   0.168698E+02   0.171285E+02   0.173889E+02
    0.176521E+02   0.179226E+02   0.182029E+02   0.184922E+02   0.187875E+02
    0.190879E+02   0.194003E+02   0.197578E+02   0.205527E+02   0.207767E+02
    0.218032E+02   0.205670E+02   0.200857E+02   0.189593E+02   0.184264E+02
    0.179928E+02   0.176152E+02   0.172740E+02   0.169572E+02   0.166563E+02
    0.163646E+02   0.160762E+02   0.157848E+02   0.154850E+02   0.151717E+02
    0.148471E+02   0.145172E+02   0.141784E+02   0.138271E+02   0.134725E+02
    0.131246E+02   0.122451E+02
    0.164133E+02   0.152887E+02   0.153689E+02   0.154059E+02   0.153744E+02
    0.152893E+02   0.151750E+02   0.150673E+02   0.150032E+02   0.149938E+02
    0.150263E+02   0.150842E+02   0.151602E+02   0.152487E+02   0.153439E+02
    0.154493E+02   0.155753E+02   0.157293E+02   0.159144E+02   0.161293E+02
    0.163193E+02   0.165731E+02   0.168557E+02   0.171322E+02   0.173928E+02
    0.176539E+02   0.179196E+02   0.181927E+02   0.184716E+02   0.187520E+02
    0.190293E+02   0.192951E+02   0.195397E+02   0.198880E+02   0.207169E+02
    0.209513E+02   0.219817E+02   0.207364E+02   0.202725E+02   0.190564E+02
    0.185254E+02   0.181034E+02   0.177360E+02   0.174023E+02   0.170897E+02
    0.167900E+02   0.164961E+02   0.162014E+02   0.158998E+02   0.155863E+02
    0.152624E+02   0.149334E+02   0.145954E+02   0.142444E+02   0.138897E+02
    0.135414E+02   0.126616E+02
    0.163486E+02   0.152562E+02   0.153428E+02   0.153829E+02   0.153551E+02
    0.152740E+02   0.151629E+02   0.150578E+02   0.149962E+02   0.149896E+02
    0.150243E+02   0.150829E+02   0.151582E+02   0.152454E+02   0.153386E+02
    0.154419E+02   0.155660E+02   0.157192E+02   0.159044E+02   0.161204E+02
    0.163123E+02   0.164797E+02   0.167669E+02   0.171000E+02   0.173937E+02
    0.176539E+02   0.179172E+02   0.181793E+02   0.184478E+02   0.187208E+02
    0.189861E+02   0.192394E+02   0.194665E+02   0.196223E+02   0.199799E+02
    0.208564E+02   0.210959E+02   0.221340E+02   0.208773E+02   0.204406E+02
    0.191105E+02   0.185539E+02   0.181238E+02   0.177554E+02   0.174245E+02
    0.171125E+02   0.168101E+02   0.165097E+02   0.162048E+02   0.158899E+02
    0.155657E+02   0.152368E+02   0.148990E+02   0.145481E+02   0.141932E+02
    0.138443E+02   0.129642E+02
    0.162779E+02   0.152253E+02   0.153187E+02   0.153634E+02   0.153401E+02
    0.152629E+02   0.151545E+02   0.150508E+02   0.149903E+02   0.149851E+02
    0.150212E+02   0.150804E+02   0.151556E+02   0.152423E+02   0.153350E+02
    0.154378E+02   0.155618E+02   0.157151E+02   0.159005E+02   0.161169E+02
    0.163559E+02   0.164878E+02   0.165241E+02   0.168640E+02   0.173130E+02
    0.176561E+02   0.179187E+02   0.181868E+02   0.184451E+02   0.187052E+02
    0.189656E+02   0.192087E+02   0.194078E+02   0.195448E+02   0.194790E+02
    0.199414E+02   0.209140E+02   0.211713E+02   0.222182E+02   0.209522E+02
    0.205546E+02   0.190472E+02   0.183958E+02   0.179095E+02   0.175166E+02
    0.171861E+02   0.168719E+02   0.165639E+02   0.162546E+02   0.159376E+02
    0.156129E+02   0.152843E+02   0.149471E+02   0.145966E+02   0.142419E+02
    0.138928E+02   0.130124E+02
    0.162199E+02   0.152081E+02   0.153060E+02   0.153539E+02   0.153333E+02
    0.152588E+02   0.151531E+02   0.150516E+02   0.149929E+02   0.149894E+02
    0.150269E+02   0.150868E+02   0.151618E+02   0.152480E+02   0.153405E+02
    0.154432E+02   0.155674E+02   0.157209E+02   0.159066E+02   0.161230E+02
    0.163619E+02   0.166148E+02   0.165581E+02   0.168515E+02   0.172290E+02
    0.176332E+02   0.179282E+02   0.181964E+02   0.184688E+02   0.187032E+02
    0.189340E+02   0.191716E+02   0.193847E+02   0.194652E+02   0.195348E+02
    0.194743E+02   0.199382E+02   0.209674E+02   0.212727E+02   0.223353E+02
    0.210592E+02   0.207668E+02   0.192176E+02   0.184572E+02   0.178353E+02
    0.173468E+02   0.170126E+02   0.166925E+02   0.163762E+02   0.160562E+02
    0.157308E+02   0.154027E+02   0.150662E+02   0.147162E+02   0.143613E+02
    0.140114E+02   0.131303E+02
    0.161856E+02   0.152096E+02   0.153091E+02   0.153583E+02   0.153384E+02
    0.152648E+02   0.151610E+02   0.150619E+02   0.150052E+02   0.150031E+02
    0.150408E+02   0.151002E+02   0.151741E+02   0.152595E+02   0.153517E+02
    0.154551E+02   0.155807E+02   0.157358E+02   0.159227E+02   0.161394E+02
    0.163783E+02   0.166314E+02   0.168937E+02   0.169305E+02   0.172984E+02
    0.176087E+02   0.179313E+02   0.182159E+02   0.184889E+02   0.187551E+02
    0.189957E+02   0.192193E+02   0.194285E+02   0.195871E+02   0.194250E+02
    0.192528E+02   0.192014E+02   0.197375E+02   0.209287E+02   0.213516E+02
    0.224373E+02   0.211494E+02   0.210356E+02   0.195171E+02   0.187380E+02
    0.180850E+02   0.175509E+02   0.172068E+02   0.168742E+02   0.165032E+02
    0.161438E+02   0.158450E+02   0.155666E+02   0.152451E+02   0.148899E+02
    0.145397E+02   0.136584E+02
    0.161708E+02   0.152223E+02   0.153203E+02   0.153694E+02   0.153491E+02
    0.152752E+02   0.151712E+02   0.150726E+02   0.150168E+02   0.150155E+02
    0.150535E+02   0.151126E+02   0.151862E+02   0.152713E+02   0.153642E+02
    0.154698E+02   0.155981E+02   0.157553E+02   0.159433E+02   0.161600E+02
    0.163519E+02   0.166049E+02   0.168848E+02   0.171647E+02   0.173297E+02
    0.176553E+02   0.179552E+02   0.182409E+02   0.185148E+02   0.187856E+02
    0.190334E+02   0.192339E+02   0.193967E+02   0.195738E+02   0.196631E+02
    0.191961E+02   0.189559E+02   0.191099E+02   0.197022E+02   0.208509E+02
    0.214261E+02   0.225369E+02   0.212366E+02   0.212437E+02   0.197123E+02
    0.190264E+02   0.184282E+02   0.178676E+02   0.175089E+02   0.171591E+02
    0.167300E+02   0.163331E+02   0.160570E+02   0.158269E+02   0.155282E+02
    0.151779E+02   0.142965E+02
    0.161699E+02   0.152384E+02   0.153337E+02   0.153816E+02   0.153601E+02
    0.152849E+02   0.151795E+02   0.150800E+02   0.150239E+02   0.150227E+02
    0.150607E+02   0.151199E+02   0.151935E+02   0.152785E+02   0.153720E+02
    0.154793E+02   0.156095E+02   0.157684E+02   0.159571E+02   0.161739E+02
    0.163657E+02   0.164919E+02   0.167550E+02   0.170703E+02   0.173721E+02
    0.176031E+02   0.178980E+02   0.182132E+02   0.185119E+02   0.187879E+02
    0.190396E+02   0.192673E+02   0.193572E+02   0.194234E+02   0.195771E+02
    0.195299E+02   0.189178E+02   0.186501E+02   0.190028E+02   0.196673E+02
    0.208962E+02   0.214599E+02   0.225958E+02   0.212823E+02   0.213302E+02
    0.197154E+02   0.190456E+02   0.184860E+02   0.179615E+02   0.175845E+02
    0.172161E+02   0.166385E+02   0.161139E+02   0.159559E+02   0.159081E+02
    0.156831E+02   0.148010E+02
    0.161690E+02   0.152472E+02   0.153383E+02   0.153853E+02   0.153635E+02
    0.152882E+02   0.151832E+02   0.150840E+02   0.150276E+02   0.150258E+02
    0.150638E+02   0.151235E+02   0.151976E+02   0.152831E+02   0.153775E+02
    0.154867E+02   0.156189E+02   0.157791E+02   0.159683E+02   0.161849E+02
    0.164226E+02   0.165547E+02   0.163929E+02   0.166600E+02   0.171030E+02
    0.174876E+02   0.177326E+02   0.180253E+02   0.184315E+02   0.187761E+02
    0.190417E+02   0.192618E+02   0.194882E+02   0.193873E+02   0.191683E+02
    0.192917E+02   0.191793E+02   0.186094E+02   0.187744E+02   0.192001E+02
    0.199253E+02   0.211649E+02   0.215367E+02   0.226938E+02   0.213702E+02
    0.213756E+02   0.197859E+02   0.191620E+02   0.184282E+02   0.177800E+02
    0.173858E+02   0.170074E+02   0.164129E+02   0.158908E+02   0.157109E+02
    0.156750E+02   0.149200E+02
    0.161739E+02   0.152504E+02   0.153413E+02   0.153904E+02   0.153720E+02
    0.153009E+02   0.151996E+02   0.151020E+02   0.150444E+02   0.150409E+02
    0.150785E+02   0.151389E+02   0.152138E+02   0.152995E+02   0.153941E+02
    0.155034E+02   0.156360E+02   0.157963E+02   0.159856E+02   0.162021E+02
    0.164396E+02   0.166921E+02   0.166364E+02   0.163418E+02   0.166076E+02
    0.171230E+02   0.175515E+02   0.177964E+02   0.181006E+02   0.185328E+02
    0.189840E+02   0.192391E+02   0.194112E+02   0.196690E+02   0.193487E+02
    0.188876E+02   0.189333E+02   0.187890E+02   0.186000E+02   0.189745E+02
    0.193605E+02   0.201356E+02   0.214442E+02   0.216211E+02   0.227944E+02
    0.214646E+02   0.213634E+02   0.198433E+02   0.192091E+02   0.183842E+02
    0.177014E+02   0.172948E+02   0.169062E+02   0.164040E+02   0.159544E+02
    0.156847E+02   0.149852E+02
    0.161555E+02   0.152374E+02   0.153391E+02   0.153976E+02   0.153885E+02
    0.153230E+02   0.152215E+02   0.151183E+02   0.150537E+02   0.150467E+02
    0.150849E+02   0.151478E+02   0.152256E+02   0.153139E+02   0.154113E+02
    0.155240E+02   0.156601E+02   0.158231E+02   0.160140E+02   0.162311E+02
    0.164563E+02   0.166737E+02   0.169356E+02   0.169828E+02   0.166937E+02
    0.169574E+02   0.175125E+02   0.179496E+02   0.181982E+02   0.184992E+02
    0.189062E+02   0.193067E+02   0.194828E+02   0.196076E+02   0.197675E+02
    0.195024E+02   0.188357E+02   0.187758E+02   0.186581E+02   0.187034E+02
    0.191750E+02   0.195998E+02   0.204552E+02   0.218235E+02   0.218918E+02
    0.230809E+02   0.217443E+02   0.216971E+02   0.203181E+02   0.196660E+02
    0.188213E+02   0.181376E+02   0.177157E+02   0.173136E+02   0.169037E+02
    0.165213E+02   0.156445E+02
    0.161252E+02   0.152174E+02   0.153310E+02   0.153982E+02   0.153963E+02
    0.153342E+02   0.152324E+02   0.151269E+02   0.150608E+02   0.150547E+02
    0.150956E+02   0.151623E+02   0.152442E+02   0.153367E+02   0.154385E+02
    0.155565E+02   0.156982E+02   0.158662E+02   0.160605E+02   0.162792E+02
    0.164703E+02   0.166892E+02   0.168550E+02   0.171194E+02   0.173221E+02
    0.171978E+02   0.174611E+02   0.179936E+02   0.184006E+02   0.186474E+02
    0.189330E+02   0.192544E+02   0.195163E+02   0.196286E+02   0.196436E+02
    0.197398E+02   0.196088E+02   0.188119E+02   0.184747E+02   0.184014E+02
    0.185428E+02   0.190173E+02   0.195959E+02   0.205540E+02   0.221326E+02
    0.221103E+02   0.233290E+02   0.219670E+02   0.220678E+02   0.208143E+02
    0.201224E+02   0.193381E+02   0.186888E+02   0.182503E+02   0.178404E+02
    0.174538E+02   0.165558E+02
    0.160843E+02   0.151919E+02   0.153158E+02   0.153892E+02   0.153920E+02
    0.153327E+02   0.152328E+02   0.151296E+02   0.150665E+02   0.150632E+02
    0.151064E+02   0.151752E+02   0.152595E+02   0.153550E+02   0.154608E+02
    0.155839E+02   0.157314E+02   0.159049E+02   0.161030E+02   0.163233E+02
    0.165141E+02   0.166496E+02   0.168269E+02   0.167846E+02   0.170452E+02
    0.174346E+02   0.176520E+02   0.179171E+02   0.183789E+02   0.186829E+02
    0.189213E+02   0.191752E+02   0.194376E+02   0.196130E+02   0.195996E+02
    0.193714E+02   0.193994E+02   0.193477E+02   0.185929E+02   0.183814E+02
    0.184020E+02   0.185537E+02   0.189170E+02   0.196103E+02   0.206501E+02
    0.222208E+02   0.222032E+02   0.234446E+02   0.220664E+02   0.222560E+02
    0.211444E+02   0.204374E+02   0.197838E+02   0.192243E+02   0.187786E+02
    0.183692E+02   0.174609E+02
    0.160420E+02   0.151673E+02   0.152959E+02   0.153716E+02   0.153758E+02
    0.153191E+02   0.152242E+02   0.151278E+02   0.150705E+02   0.150695E+02
    0.151120E+02   0.151792E+02   0.152624E+02   0.153579E+02   0.154647E+02
    0.155896E+02   0.157401E+02   0.159168E+02   0.161171E+02   0.163379E+02
    0.165279E+02   0.166490E+02   0.165405E+02   0.167318E+02   0.166329E+02
    0.168908E+02   0.173512E+02   0.176606E+02   0.179280E+02   0.183459E+02
    0.185847E+02   0.188069E+02   0.190886E+02   0.193935E+02   0.195074E+02
    0.195960E+02   0.190279E+02   0.189628E+02   0.190240E+02   0.185132E+02
    0.184476E+02   0.185413E+02   0.187178E+02   0.190231E+02   0.198357E+02
    0.208263E+02   0.222935E+02   0.221884E+02   0.234281E+02   0.220598E+02
    0.221453E+02   0.211227E+02   0.204150E+02   0.197851E+02   0.192479E+02
    0.188007E+02   0.178763E+02
    0.159923E+02   0.151364E+02   0.152690E+02   0.153470E+02   0.153516E+02
    0.152960E+02   0.152057E+02   0.151167E+02   0.150651E+02   0.150658E+02
    0.151079E+02   0.151745E+02   0.152578E+02   0.153545E+02   0.154635E+02
    0.155915E+02   0.157460E+02   0.159266E+02   0.161287E+02   0.163484E+02
    0.165347E+02   0.166504E+02   0.164922E+02   0.164037E+02   0.166915E+02
    0.166673E+02   0.169262E+02   0.173591E+02   0.176766E+02   0.179403E+02
    0.182502E+02   0.183378E+02   0.185469E+02   0.188619E+02   0.191881E+02
    0.193116E+02   0.194493E+02   0.186740E+02   0.186592E+02   0.189571E+02
    0.187635E+02   0.188479E+02   0.190034E+02   0.192309E+02   0.195280E+02
    0.202914E+02   0.211598E+02   0.223883E+02   0.222589E+02   0.234554E+02
    0.221339E+02   0.220791E+02   0.211186E+02   0.204056E+02   0.198038E+02
    0.193059E+02   0.183514E+02
    0.160236E+02   0.151578E+02   0.152807E+02   0.153464E+02   0.153412E+02
    0.152814E+02   0.151928E+02   0.151100E+02   0.150676E+02   0.150772E+02
    0.151249E+02   0.151949E+02   0.152818E+02   0.153822E+02   0.154941E+02
    0.156232E+02   0.157772E+02   0.159584E+02   0.161647E+02   0.163930E+02
    0.165921E+02   0.167232E+02   0.165798E+02   0.163362E+02   0.162458E+02
    0.165851E+02   0.166584E+02   0.169089E+02   0.172760E+02   0.175250E+02
    0.177620E+02   0.179904E+02   0.180939E+02   0.184592E+02   0.188966E+02
    0.192680E+02   0.194475E+02   0.196253E+02   0.188169E+02   0.188475E+02
    0.192811E+02   0.192186E+02   0.193491E+02   0.195276E+02   0.197330E+02
    0.199564E+02   0.206817E+02   0.212844E+02   0.226105E+02   0.223757E+02
    0.236663E+02   0.222894E+02   0.223720E+02   0.212934E+02   0.204921E+02
    0.197700E+02   0.187597E+02
