  
 log(Aij)/0.720:
    0.963507E+01   0.102792E+02   0.110637E+02   0.118002E+02   0.125638E+02
    0.134815E+02   0.159789E+02   0.142986E+02   0.167108E+02   0.143326E+02
    0.157949E+02   0.136505E+02   0.127891E+02   0.121404E+02   0.115663E+02
    0.110152E+02   0.104794E+02   0.997808E+01   0.952102E+01   0.912080E+01
    0.876832E+01   0.843049E+01   0.810265E+01   0.778715E+01   0.748404E+01
    0.718998E+01   0.689863E+01   0.660158E+01   0.629048E+01   0.595952E+01
    0.560664E+01   0.523407E+01   0.484819E+01   0.445643E+01   0.406258E+01
    0.366896E+01   0.327967E+01   0.289998E+01   0.253555E+01   0.219064E+01
    0.187158E+01   0.157283E+01   0.128172E+01   0.100163E+01   0.728300E+00
    0.457486E+00   0.184053E+00  -0.975868E-01  -0.392070E+00  -0.701981E+00
   -0.102276E+01  -0.134741E+01  -0.168016E+01  -0.202573E+01  -0.237565E+01
   -0.272085E+01  -0.359964E+01
    0.945153E+01   0.100694E+02   0.108318E+02   0.115265E+02   0.122052E+02
    0.129233E+02   0.138061E+02   0.161520E+02   0.146157E+02   0.168953E+02
    0.146684E+02   0.159433E+02   0.139700E+02   0.131254E+02   0.124564E+02
    0.118419E+02   0.112506E+02   0.106936E+02   0.101881E+02   0.975382E+01
    0.937676E+01   0.901671E+01   0.866851E+01   0.833420E+01   0.801395E+01
    0.770476E+01   0.740071E+01   0.709351E+01   0.677455E+01   0.643764E+01
    0.608061E+01   0.570573E+01   0.531929E+01   0.492862E+01   0.453751E+01
    0.414828E+01   0.376478E+01   0.339177E+01   0.303418E+01   0.269552E+01
    0.238473E+01   0.209352E+01   0.180411E+01   0.152504E+01   0.125238E+01
    0.982224E+00   0.709956E+00   0.430528E+00   0.139679E+00  -0.165115E+00
   -0.479910E+00  -0.798498E+00  -0.112532E+01  -0.146524E+01  -0.181070E+01
   -0.215356E+01  -0.303176E+01
    0.927221E+01   0.987363E+01   0.106230E+02   0.112941E+02   0.119298E+02
    0.125644E+02   0.132412E+02   0.141182E+02   0.163159E+02   0.149292E+02
    0.170702E+02   0.149942E+02   0.160672E+02   0.142455E+02   0.134116E+02
    0.127177E+02   0.120762E+02   0.114718E+02   0.109179E+02   0.104459E+02
    0.100423E+02   0.965883E+01   0.928921E+01   0.893512E+01   0.859689E+01
    0.827199E+01   0.795496E+01   0.763770E+01   0.731169E+01   0.697063E+01
    0.661171E+01   0.623638E+01   0.585026E+01   0.546018E+01   0.506973E+01
    0.468123E+01   0.429856E+01   0.392644E+01   0.356972E+01   0.323186E+01
    0.292552E+01   0.263946E+01   0.234987E+01   0.207109E+01   0.179908E+01
    0.152995E+01   0.125931E+01   0.982411E+00   0.695187E+00   0.394816E+00
    0.843411E-01  -0.230964E+00  -0.555745E+00  -0.894550E+00  -0.123963E+01
   -0.158271E+01  -0.246121E+01
    0.909456E+01   0.969653E+01   0.104322E+02   0.110832E+02   0.116897E+02
    0.122778E+02   0.128649E+02   0.135180E+02   0.144250E+02   0.164568E+02
    0.152375E+02   0.172222E+02   0.152534E+02   0.161610E+02   0.144335E+02
    0.135992E+02   0.129007E+02   0.122614E+02   0.116720E+02   0.111641E+02
    0.107308E+02   0.103210E+02   0.992705E+01   0.954999E+01   0.919002E+01
    0.884510E+01   0.851064E+01   0.817929E+01   0.784285E+01   0.749486E+01
    0.713174E+01   0.675387E+01   0.636593E+01   0.597409E+01   0.558155E+01
    0.519058E+01   0.480520E+01   0.443040E+01   0.407124E+01   0.373135E+01
    0.342641E+01   0.314281E+01   0.285189E+01   0.257270E+01   0.230103E+01
    0.203275E+01   0.176335E+01   0.148806E+01   0.120280E+01   0.904555E+00
    0.595955E+00   0.281832E+00  -0.426423E-01  -0.381936E+00  -0.728067E+00
   -0.107245E+01  -0.195177E+01
    0.894178E+01   0.953010E+01   0.102604E+02   0.109010E+02   0.114906E+02
    0.120496E+02   0.125826E+02   0.131297E+02   0.138073E+02   0.147234E+02
    0.165709E+02   0.154978E+02   0.173513E+02   0.154902E+02   0.162276E+02
    0.145543E+02   0.137336E+02   0.130462E+02   0.124271E+02   0.118873E+02
    0.114219E+02   0.109833E+02   0.105628E+02   0.101603E+02   0.977582E+01
    0.940759E+01   0.905182E+01   0.870192E+01   0.835003E+01   0.798967E+01
    0.761696E+01   0.723184E+01   0.683839E+01   0.644220E+01   0.604615E+01
    0.565228E+01   0.526437E+01   0.488711E+01   0.452538E+01   0.418275E+01
    0.387655E+01   0.359217E+01   0.329848E+01   0.301705E+01   0.274363E+01
    0.247397E+01   0.220348E+01   0.192725E+01   0.164106E+01   0.134173E+01
    0.103190E+01   0.716626E+00   0.391357E+00   0.517356E-01  -0.294429E+00
   -0.638767E+00  -0.151807E+01
    0.882292E+01   0.940947E+01   0.101375E+02   0.107676E+02   0.113404E+02
    0.118732E+02   0.123649E+02   0.128455E+02   0.134105E+02   0.141266E+02
    0.149944E+02   0.166636E+02   0.157409E+02   0.174650E+02   0.156872E+02
    0.162807E+02   0.146484E+02   0.138424E+02   0.131738E+02   0.125983E+02
    0.120989E+02   0.116314E+02   0.111851E+02   0.107581E+02   0.103496E+02
    0.995806E+01   0.958023E+01   0.921038E+01   0.884136E+01   0.846708E+01
    0.808352E+01   0.769019E+01   0.729044E+01   0.688922E+01   0.648902E+01
    0.609167E+01   0.570057E+01   0.532004E+01   0.495470E+01   0.460804E+01
    0.429784E+01   0.400979E+01   0.371245E+01   0.342787E+01   0.315180E+01
    0.287998E+01   0.260778E+01   0.233024E+01   0.204299E+01   0.174267E+01
    0.143174E+01   0.111530E+01   0.789000E+00   0.448640E+00   0.102055E+00
   -0.242420E+00  -0.112172E+01
    0.875440E+01   0.932822E+01   0.100533E+02   0.106728E+02   0.112280E+02
    0.117336E+02   0.121856E+02   0.126109E+02   0.130986E+02   0.137102E+02
    0.144093E+02   0.151838E+02   0.167305E+02   0.159394E+02   0.175567E+02
    0.158283E+02   0.163237E+02   0.147204E+02   0.139317E+02   0.132969E+02
    0.127547E+02   0.122555E+02   0.117833E+02   0.113329E+02   0.109021E+02
    0.104886E+02   0.100897E+02   0.970021E+01   0.931392E+01   0.892549E+01
    0.853094E+01   0.812928E+01   0.772310E+01   0.731653E+01   0.691172E+01
    0.651029E+01   0.611524E+01   0.573046E+01   0.536020E+01   0.500797E+01
    0.469079E+01   0.439608E+01   0.409447E+01   0.380633E+01   0.352741E+01
    0.325339E+01   0.297968E+01   0.270141E+01   0.241409E+01   0.211405E+01
    0.180324E+01   0.148642E+01   0.115936E+01   0.818200E+00   0.471036E+00
    0.126279E+00  -0.753136E+00
    0.870598E+01   0.926050E+01   0.998585E+01   0.105977E+02   0.111362E+02
    0.116129E+02   0.120230E+02   0.123940E+02   0.128145E+02   0.133519E+02
    0.139673E+02   0.146006E+02   0.153074E+02   0.167810E+02   0.160811E+02
    0.176292E+02   0.159381E+02   0.163621E+02   0.147841E+02   0.140201E+02
    0.134109E+02   0.128703E+02   0.123688E+02   0.118949E+02   0.114432E+02
    0.110099E+02   0.105919E+02   0.101845E+02   0.978233E+01   0.938097E+01
    0.897664E+01   0.856794E+01   0.815656E+01   0.774574E+01   0.733716E+01
    0.693221E+01   0.653354E+01   0.614457E+01   0.576924E+01   0.541104E+01
    0.508500E+01   0.478134E+01   0.447511E+01   0.418321E+01   0.390151E+01
    0.362570E+01   0.335134E+01   0.307368E+01   0.278832E+01   0.249118E+01
    0.218321E+01   0.186813E+01   0.154140E+01   0.119939E+01   0.850738E+00
    0.504330E+00  -0.376107E+00
    0.865168E+01   0.918821E+01   0.991079E+01   0.105121E+02   0.110312E+02
    0.114794E+02   0.118526E+02   0.121770E+02   0.125383E+02   0.130134E+02
    0.135760E+02   0.141522E+02   0.147365E+02   0.153988E+02   0.168218E+02
    0.161877E+02   0.176888E+02   0.160263E+02   0.163974E+02   0.148445E+02
    0.141016E+02   0.134955E+02   0.129543E+02   0.124526E+02   0.119786E+02
    0.115262E+02   0.110907E+02   0.106673E+02   0.102512E+02   0.983819E+01
    0.942474E+01   0.900941E+01   0.859346E+01   0.817949E+01   0.776891E+01
    0.736287E+01   0.696354E+01   0.657376E+01   0.619693E+01   0.583620E+01
    0.550338E+01   0.519148E+01   0.488126E+01   0.458499E+01   0.429888E+01
    0.401900E+01   0.374113E+01   0.346067E+01   0.317330E+01   0.287493E+01
    0.256631E+01   0.225094E+01   0.192408E+01   0.158201E+01   0.123340E+01
    0.887274E+00   0.719350E-02
    0.859109E+01   0.910206E+01   0.981413E+01   0.103982E+02   0.108924E+02
    0.113115E+02   0.116550E+02   0.119480E+02   0.122679E+02   0.126920E+02
    0.132123E+02   0.137578E+02   0.142958E+02   0.148401E+02   0.154667E+02
    0.168575E+02   0.162719E+02   0.177400E+02   0.160992E+02   0.164319E+02
    0.148981E+02   0.141603E+02   0.135558E+02   0.130164E+02   0.125168E+02
    0.120446E+02   0.115929E+02   0.111556E+02   0.107276E+02   0.103049E+02
    0.988416E+01   0.946393E+01   0.904508E+01   0.862973E+01   0.821900E+01
    0.781383E+01   0.741585E+01   0.702721E+01   0.665074E+01   0.628920E+01
    0.595129E+01   0.563258E+01   0.531945E+01   0.501961E+01   0.472966E+01
    0.444616E+01   0.416530E+01   0.388275E+01   0.359436E+01   0.329591E+01
    0.298766E+01   0.267254E+01   0.234556E+01   0.200300E+01   0.165381E+01
    0.130737E+01   0.427317E+00
    0.854209E+01   0.902442E+01   0.972134E+01   0.102889E+02   0.107611E+02
    0.111529E+02   0.114668E+02   0.117311E+02   0.120196E+02   0.124043E+02
    0.128861E+02   0.134042E+02   0.139167E+02   0.144132E+02   0.149199E+02
    0.155220E+02   0.168884E+02   0.163404E+02   0.177856E+02   0.161639E+02
    0.164657E+02   0.149364E+02   0.142024E+02   0.136014E+02   0.130657E+02
    0.125693E+02   0.120995E+02   0.116482E+02   0.112090E+02   0.107777E+02
    0.103506E+02   0.992613E+01   0.950483E+01   0.908837E+01   0.867763E+01
    0.827335E+01   0.787685E+01   0.748991E+01   0.711484E+01   0.675402E+01
    0.641352E+01   0.609065E+01   0.577617E+01   0.547432E+01   0.518213E+01
    0.489647E+01   0.461375E+01   0.432981E+01   0.404066E+01   0.374220E+01
    0.343458E+01   0.312055E+01   0.279484E+01   0.245341E+01   0.210502E+01
    0.175903E+01   0.879212E+00
    0.853318E+01   0.899038E+01   0.966018E+01   0.101991E+02   0.106414E+02
    0.110060E+02   0.112979E+02   0.115456E+02   0.118187E+02   0.121825E+02
    0.126372E+02   0.131271E+02   0.136121E+02   0.140751E+02   0.145235E+02
    0.149965E+02   0.155730E+02   0.169181E+02   0.164022E+02   0.178325E+02
    0.162400E+02   0.164997E+02   0.149707E+02   0.142405E+02   0.136443E+02
    0.131132E+02   0.126210E+02   0.121542E+02   0.117042E+02   0.112655E+02
    0.108340E+02   0.104073E+02   0.998528E+01   0.956896E+01   0.915884E+01
    0.875557E+01   0.836028E+01   0.797450E+01   0.760028E+01   0.723965E+01
    0.689713E+01   0.657103E+01   0.625484E+01   0.595101E+01   0.565696E+01
    0.536993E+01   0.508658E+01   0.480301E+01   0.451566E+01   0.422058E+01
    0.391733E+01   0.360764E+01   0.328534E+01   0.294595E+01   0.259818E+01
    0.225190E+01   0.137173E+01
    0.853780E+01   0.898316E+01   0.962908E+01   0.101390E+02   0.105532E+02
    0.108973E+02   0.111761E+02   0.114131E+02   0.116739E+02   0.120222E+02
    0.124577E+02   0.129234E+02   0.133805E+02   0.138118E+02   0.142180E+02
    0.146238E+02   0.150667E+02   0.156190E+02   0.169482E+02   0.164769E+02
    0.178811E+02   0.163042E+02   0.165353E+02   0.150088E+02   0.142810E+02
    0.136886E+02   0.131619E+02   0.126736E+02   0.122096E+02   0.117618E+02
    0.113244E+02   0.108942E+02   0.104700E+02   0.100525E+02   0.964163E+01
    0.923789E+01   0.884232E+01   0.845648E+01   0.808243E+01   0.772225E+01
    0.737964E+01   0.705351E+01   0.673881E+01   0.643692E+01   0.614506E+01
    0.586031E+01   0.557930E+01   0.529816E+01   0.501342E+01   0.472113E+01
    0.442070E+01   0.411363E+01   0.379371E+01   0.345633E+01   0.311000E+01
    0.276438E+01   0.188436E+01
    0.856628E+01   0.898421E+01   0.961047E+01   0.100921E+02   0.104794E+02
    0.108046E+02   0.110725E+02   0.113014E+02   0.115526E+02   0.118878E+02
    0.123056E+02   0.127482E+02   0.131790E+02   0.135826E+02   0.139573E+02
    0.143212E+02   0.146986E+02   0.151199E+02   0.156556E+02   0.169827E+02
    0.165434E+02   0.179301E+02   0.163632E+02   0.165764E+02   0.150576E+02
    0.143308E+02   0.137415E+02   0.132184E+02   0.127332E+02   0.122719E+02
    0.118260E+02   0.113903E+02   0.109627E+02   0.105430E+02   0.101309E+02
    0.972640E+01   0.933049E+01   0.894458E+01   0.857063E+01   0.821060E+01
    0.786756E+01   0.754083E+01   0.722649E+01   0.692514E+01   0.663400E+01
    0.635010E+01   0.607012E+01   0.579025E+01   0.550711E+01   0.521676E+01
    0.491844E+01   0.461347E+01   0.429560E+01   0.396014E+01   0.361536E+01
    0.327068E+01   0.239100E+01
    0.858841E+01   0.898921E+01   0.959873E+01   0.100543E+02   0.104164E+02
    0.107252E+02   0.109841E+02   0.112060E+02   0.114483E+02   0.117710E+02
    0.121717E+02   0.125921E+02   0.129979E+02   0.133768E+02   0.137260E+02
    0.140603E+02   0.143984E+02   0.147571E+02   0.151639E+02   0.156943E+02
    0.170247E+02   0.166062E+02   0.179819E+02   0.164233E+02   0.166239E+02
    0.151187E+02   0.143938E+02   0.138072E+02   0.132866E+02   0.128040E+02
    0.123446E+02   0.119003E+02   0.114673E+02   0.110441E+02   0.106296E+02
    0.102237E+02   0.982697E+01   0.944054E+01   0.906616E+01   0.870564E+01
    0.836153E+01   0.803346E+01   0.771836E+01   0.741630E+01   0.712454E+01
    0.684022E+01   0.656009E+01   0.628042E+01   0.599791E+01   0.570856E+01
    0.541147E+01   0.510780E+01   0.479128E+01   0.445720E+01   0.411362E+01
    0.376974E+01   0.289038E+01
    0.859529E+01   0.898703E+01   0.958704E+01   0.100269E+02   0.103719E+02
    0.106660E+02   0.109130E+02   0.111249E+02   0.113580E+02   0.116695E+02
    0.120545E+02   0.124534E+02   0.128344E+02   0.131893E+02   0.135153E+02
    0.138258E+02   0.141369E+02   0.144589E+02   0.148049E+02   0.152066E+02
    0.157391E+02   0.170704E+02   0.166671E+02   0.180348E+02   0.164846E+02
    0.166729E+02   0.151855E+02   0.144645E+02   0.138806E+02   0.133628E+02
    0.128823E+02   0.124247E+02   0.119830E+02   0.115538E+02   0.111350E+02
    0.107256E+02   0.103259E+02   0.993691E+01   0.956013E+01   0.919733E+01
    0.885078E+01   0.852041E+01   0.820384E+01   0.790074E+01   0.760838E+01
    0.732376E+01   0.704359E+01   0.676413E+01   0.648203E+01   0.619324E+01
    0.589677E+01   0.559382E+01   0.527821E+01   0.494529E+01   0.460291E+01
    0.425994E+01   0.338098E+01
    0.859385E+01   0.898816E+01   0.958022E+01   0.100065E+02   0.103332E+02
    0.106084E+02   0.108415E+02   0.110480E+02   0.112806E+02   0.115879E+02
    0.119599E+02   0.123373E+02   0.126928E+02   0.130229E+02   0.133258E+02
    0.136141E+02   0.139030E+02   0.141994E+02   0.145097E+02   0.148509E+02
    0.152520E+02   0.157907E+02   0.171154E+02   0.167271E+02   0.180863E+02
    0.165460E+02   0.167196E+02   0.152502E+02   0.145343E+02   0.139541E+02
    0.134390E+02   0.129608E+02   0.125062E+02   0.120687E+02   0.116444E+02
    0.112313E+02   0.108289E+02   0.104374E+02   0.100583E+02   0.969281E+01
    0.934307E+01   0.900919E+01   0.868930E+01   0.838291E+01   0.808749E+01
    0.780022E+01   0.751794E+01   0.723695E+01   0.695397E+01   0.666490E+01
    0.636854E+01   0.606587E+01   0.575060E+01   0.541805E+01   0.507600E+01
    0.473325E+01   0.385437E+01
    0.855914E+01   0.897404E+01   0.956821E+01   0.999393E+01   0.103114E+02
    0.105691E+02   0.107862E+02   0.109871E+02   0.112212E+02   0.115267E+02
    0.118873E+02   0.122444E+02   0.125747E+02   0.128796E+02   0.131586E+02
    0.134239E+02   0.136912E+02   0.139664E+02   0.142522E+02   0.145586E+02
    0.148988E+02   0.153031E+02   0.158494E+02   0.171595E+02   0.167875E+02
    0.181368E+02   0.166060E+02   0.167648E+02   0.153085E+02   0.145996E+02
    0.140241E+02   0.135127E+02   0.130385E+02   0.125889E+02   0.121571E+02
    0.117390E+02   0.113332E+02   0.109391E+02   0.105575E+02   0.101895E+02
    0.983676E+01   0.949932E+01   0.917575E+01   0.886542E+01   0.856614E+01
    0.827543E+01   0.799024E+01   0.770697E+01   0.742242E+01   0.713258E+01
    0.683611E+01   0.653359E+01   0.621830E+01   0.588531E+01   0.554245E+01
    0.519882E+01   0.431948E+01
    0.853186E+01   0.896659E+01   0.955341E+01   0.997418E+01   0.102836E+02
    0.105314E+02   0.107418E+02   0.109420E+02   0.111769E+02   0.114780E+02
    0.118267E+02   0.121647E+02   0.124716E+02   0.127522E+02   0.130071E+02
    0.132494E+02   0.134961E+02   0.137529E+02   0.140203E+02   0.143045E+02
    0.146109E+02   0.149532E+02   0.153646E+02   0.159136E+02   0.172044E+02
    0.168481E+02   0.181882E+02   0.166657E+02   0.168122E+02   0.153630E+02
    0.146608E+02   0.140903E+02   0.135837E+02   0.131150E+02   0.126714E+02
    0.122460E+02   0.118356E+02   0.114383E+02   0.110543E+02   0.106842E+02
    0.103291E+02   0.998889E+01   0.966220E+01   0.934828E+01   0.904522E+01
    0.875087E+01   0.846227E+01   0.817582E+01   0.788837E+01   0.759611E+01
    0.729790E+01   0.699429E+01   0.667822E+01   0.634440E+01   0.600063E+01
    0.565619E+01   0.477643E+01
    0.851206E+01   0.896386E+01   0.954429E+01   0.996397E+01   0.102696E+02
    0.105102E+02   0.107131E+02   0.109073E+02   0.111368E+02   0.114304E+02
    0.117677E+02   0.120894E+02   0.123758E+02   0.126344E+02   0.128667E+02
    0.130870E+02   0.133143E+02   0.135547E+02   0.138077E+02   0.140767E+02
    0.143624E+02   0.146706E+02   0.150193E+02   0.154350E+02   0.159791E+02
    0.172517E+02   0.169096E+02   0.182420E+02   0.167246E+02   0.168651E+02
    0.154163E+02   0.147193E+02   0.141541E+02   0.136535E+02   0.131913E+02
    0.127549E+02   0.123376E+02   0.119361E+02   0.115493E+02   0.111772E+02
    0.108204E+02   0.104783E+02   0.101497E+02   0.983342E+01   0.952775E+01
    0.923070E+01   0.893930E+01   0.864981E+01   0.835909E+01   0.806353E+01
    0.776247E+01   0.745678E+01   0.713922E+01   0.680420E+01   0.645941E+01
    0.611419E+01   0.523408E+01
    0.847535E+01   0.894704E+01   0.952712E+01   0.994756E+01   0.102512E+02
    0.104876E+02   0.106852E+02   0.108731E+02   0.110949E+02   0.113798E+02
    0.117061E+02   0.120135E+02   0.122826E+02   0.125219E+02   0.127338E+02
    0.129336E+02   0.131428E+02   0.133687E+02   0.136098E+02   0.138678E+02
    0.141401E+02   0.144279E+02   0.147421E+02   0.150955E+02   0.155086E+02
    0.160419E+02   0.173029E+02   0.169704E+02   0.182990E+02   0.167842E+02
    0.169247E+02   0.154715E+02   0.147788E+02   0.142195E+02   0.137254E+02
    0.132704E+02   0.128419E+02   0.124335E+02   0.120423E+02   0.116673E+02
    0.113082E+02   0.109644E+02   0.106341E+02   0.103158E+02   0.100079E+02
    0.970855E+01   0.941464E+01   0.912238E+01   0.882858E+01   0.852982E+01
    0.822591E+01   0.791800E+01   0.759875E+01   0.726232E+01   0.691636E+01
    0.657032E+01   0.568983E+01
    0.839107E+01   0.890195E+01   0.949078E+01   0.991467E+01   0.102208E+02
    0.104580E+02   0.106502E+02   0.108238E+02   0.110277E+02   0.112979E+02
    0.116136E+02   0.119116E+02   0.121701E+02   0.123972E+02   0.125957E+02
    0.127818E+02   0.129782E+02   0.131932E+02   0.134252E+02   0.136749E+02
    0.139378E+02   0.142123E+02   0.145055E+02   0.148240E+02   0.151754E+02
    0.155802E+02   0.161014E+02   0.173596E+02   0.170316E+02   0.183600E+02
    0.168442E+02   0.169909E+02   0.155307E+02   0.148410E+02   0.142866E+02
    0.137978E+02   0.133485E+02   0.129264E+02   0.125258E+02   0.121444E+02
    0.117813E+02   0.114354E+02   0.111048E+02   0.107873E+02   0.104808E+02
    0.101830E+02   0.989031E+01   0.959878E+01   0.930488E+01   0.900507E+01
    0.869938E+01   0.838956E+01   0.806875E+01   0.773139E+01   0.738517E+01
    0.703924E+01   0.615887E+01
    0.834230E+01   0.884785E+01   0.945449E+01   0.989418E+01   0.102151E+02
    0.104562E+02   0.106334E+02   0.107746E+02   0.109433E+02   0.111905E+02
    0.114957E+02   0.117874E+02   0.120386E+02   0.122567E+02   0.124456E+02
    0.126231E+02   0.128128E+02   0.130221E+02   0.132492E+02   0.134945E+02
    0.137519E+02   0.140179E+02   0.142973E+02   0.145942E+02   0.149107E+02
    0.152548E+02   0.156493E+02   0.161610E+02   0.174235E+02   0.170948E+02
    0.184262E+02   0.169069E+02   0.170645E+02   0.155966E+02   0.149071E+02
    0.143552E+02   0.138700E+02   0.134255E+02   0.130102E+02   0.126195E+02
    0.122509E+02   0.119027E+02   0.115722E+02   0.112569E+02   0.109536E+02
    0.106588E+02   0.103687E+02   0.100786E+02   0.978460E+01   0.948293E+01
    0.917435E+01   0.886172E+01   0.853906E+01   0.820112E+01   0.785531E+01
    0.751021E+01   0.663035E+01
    0.834195E+01   0.883916E+01   0.945205E+01   0.989562E+01   0.102152E+02
    0.104449E+02   0.105993E+02   0.107096E+02   0.108478E+02   0.110743E+02
    0.113688E+02   0.116544E+02   0.118996E+02   0.121107E+02   0.122929E+02
    0.124653E+02   0.126517E+02   0.128584E+02   0.130831E+02   0.133256E+02
    0.135794E+02   0.138396E+02   0.141099E+02   0.143926E+02   0.146877E+02
    0.149979E+02   0.153333E+02   0.157190E+02   0.162267E+02   0.174983E+02
    0.171639E+02   0.185009E+02   0.169762E+02   0.171489E+02   0.156764E+02
    0.149846E+02   0.144345E+02   0.139540E+02   0.135173E+02   0.131134E+02
    0.127371E+02   0.123848E+02   0.120530E+02   0.117380E+02   0.114358E+02
    0.111423E+02   0.108530E+02   0.105627E+02   0.102672E+02   0.996246E+01
    0.965005E+01   0.933396E+01   0.900905E+01   0.867035E+01   0.832495E+01
    0.798083E+01   0.710162E+01
    0.827510E+01   0.878527E+01   0.939958E+01   0.984340E+01   0.101583E+02
    0.103772E+02   0.105155E+02   0.106073E+02   0.107287E+02   0.109436E+02
    0.112320E+02   0.115138E+02   0.117544E+02   0.119601E+02   0.121369E+02
    0.123056E+02   0.124898E+02   0.126952E+02   0.129188E+02   0.131602E+02
    0.134119E+02   0.136687E+02   0.139331E+02   0.142067E+02   0.144882E+02
    0.147779E+02   0.150808E+02   0.154083E+02   0.157887E+02   0.162962E+02
    0.175784E+02   0.172340E+02   0.185795E+02   0.170495E+02   0.172394E+02
    0.157688E+02   0.150750E+02   0.145273E+02   0.140537E+02   0.136283E+02
    0.132392E+02   0.128795E+02   0.125437E+02   0.122269E+02   0.119240E+02
    0.116302E+02   0.113404E+02   0.110492E+02   0.107518E+02   0.104442E+02
    0.101284E+02   0.980930E+01   0.948242E+01   0.914295E+01   0.879774E+01
    0.845434E+01   0.757564E+01
    0.814675E+01   0.867946E+01   0.929492E+01   0.973901E+01   0.100507E+02
    0.102634E+02   0.103950E+02   0.104822E+02   0.106018E+02   0.108157E+02
    0.111021E+02   0.113805E+02   0.116166E+02   0.118168E+02   0.119878E+02
    0.121515E+02   0.123323E+02   0.125356E+02   0.127581E+02   0.129987E+02
    0.132494E+02   0.135041E+02   0.137648E+02   0.140324E+02   0.143051E+02
    0.145819E+02   0.148653E+02   0.151609E+02   0.154827E+02   0.158601E+02
    0.163698E+02   0.176627E+02   0.173063E+02   0.186619E+02   0.171278E+02
    0.173345E+02   0.158744E+02   0.151825E+02   0.146403E+02   0.141769E+02
    0.137653E+02   0.133919E+02   0.130475E+02   0.127250E+02   0.124184E+02
    0.121219E+02   0.118299E+02   0.115368E+02   0.112374E+02   0.109276E+02
    0.106095E+02   0.102884E+02   0.996001E+01   0.961967E+01   0.927413E+01
    0.893084E+01   0.805233E+01
    0.796298E+01   0.853512E+01   0.915169E+01   0.959448E+01   0.990288E+01
    0.101129E+02   0.102460E+02   0.103411E+02   0.104729E+02   0.106962E+02
    0.109858E+02   0.112633E+02   0.114960E+02   0.116913E+02   0.118560E+02
    0.120122E+02   0.121864E+02   0.123849E+02   0.126048E+02   0.128439E+02
    0.130936E+02   0.133470E+02   0.136051E+02   0.138685E+02   0.141350E+02
    0.144032E+02   0.146742E+02   0.149507E+02   0.152403E+02   0.155579E+02
    0.159330E+02   0.164490E+02   0.177513E+02   0.173827E+02   0.187484E+02
    0.172122E+02   0.174329E+02   0.159912E+02   0.153080E+02   0.147755E+02
    0.143246E+02   0.139270E+02   0.135668E+02   0.132335E+02   0.129190E+02
    0.126168E+02   0.123205E+02   0.120243E+02   0.117226E+02   0.114112E+02
    0.110918E+02   0.107696E+02   0.104402E+02   0.100987E+02   0.975212E+01
    0.940817E+01   0.852943E+01
    0.779469E+01   0.838392E+01   0.899971E+01   0.944215E+01   0.975055E+01
    0.996286E+01   0.101047E+02   0.102180E+02   0.103714E+02   0.106077E+02
    0.108987E+02   0.111716E+02   0.113977E+02   0.115857E+02   0.117414E+02
    0.118874E+02   0.120521E+02   0.122441E+02   0.124603E+02   0.126979E+02
    0.129469E+02   0.131996E+02   0.134560E+02   0.137163E+02   0.139782E+02
    0.142402E+02   0.145027E+02   0.147671E+02   0.150374E+02   0.153217E+02
    0.156347E+02   0.160107E+02   0.165385E+02   0.178453E+02   0.174661E+02
    0.188401E+02   0.173047E+02   0.175342E+02   0.161157E+02   0.154483E+02
    0.149290E+02   0.144910E+02   0.141047E+02   0.137536E+02   0.134263E+02
    0.131147E+02   0.128117E+02   0.125107E+02   0.122061E+02   0.118930E+02
    0.115729E+02   0.112501E+02   0.109197E+02   0.105769E+02   0.102288E+02
    0.988363E+01   0.900430E+01
    0.769668E+01   0.825397E+01   0.886024E+01   0.929795E+01   0.960480E+01
    0.981943E+01   0.997024E+01   0.101010E+02   0.102752E+02   0.105252E+02
    0.108197E+02   0.110899E+02   0.113109E+02   0.114924E+02   0.116402E+02
    0.117767E+02   0.119322E+02   0.121173E+02   0.123297E+02   0.125659E+02
    0.128144E+02   0.130664E+02   0.133215E+02   0.135792E+02   0.138372E+02
    0.140941E+02   0.143505E+02   0.146067E+02   0.148646E+02   0.151289E+02
    0.154075E+02   0.157183E+02   0.160585E+02   0.166095E+02   0.179269E+02
    0.175501E+02   0.189282E+02   0.173973E+02   0.176376E+02   0.162421E+02
    0.155964E+02   0.150925E+02   0.146660E+02   0.142881E+02   0.139421E+02
    0.136170E+02   0.133044E+02   0.129966E+02   0.126876E+02   0.123721E+02
    0.120507E+02   0.117270E+02   0.113957E+02   0.110516E+02   0.107020E+02
    0.103555E+02   0.947557E+01
    0.763731E+01   0.813378E+01   0.872551E+01   0.915602E+01   0.946078E+01
    0.967842E+01   0.983851E+01   0.998507E+01   0.101767E+02   0.104384E+02
    0.107364E+02   0.110051E+02   0.112221E+02   0.113985E+02   0.115401E+02
    0.116694E+02   0.118182E+02   0.119983E+02   0.122082E+02   0.124436E+02
    0.126923E+02   0.129444E+02   0.131986E+02   0.134541E+02   0.137090E+02
    0.139619E+02   0.142135E+02   0.144638E+02   0.147136E+02   0.149650E+02
    0.152227E+02   0.154974E+02   0.158009E+02   0.160816E+02   0.166534E+02
    0.179864E+02   0.176303E+02   0.190083E+02   0.174838E+02   0.177415E+02
    0.163597E+02   0.157379E+02   0.152493E+02   0.148328E+02   0.144609E+02
    0.141178E+02   0.137924E+02   0.134757E+02   0.131607E+02   0.128414E+02
    0.125176E+02   0.121923E+02   0.118597E+02   0.115143E+02   0.111635E+02
    0.108162E+02   0.993583E+01
    0.763173E+01   0.803635E+01   0.860765E+01   0.902693E+01   0.932716E+01
    0.954687E+01   0.971559E+01   0.987591E+01   0.100820E+02   0.103529E+02
    0.106540E+02   0.109215E+02   0.111353E+02   0.113075E+02   0.114437E+02
    0.115671E+02   0.117104E+02   0.118865E+02   0.120944E+02   0.123296E+02
    0.125790E+02   0.128316E+02   0.130852E+02   0.133390E+02   0.135909E+02
    0.138402E+02   0.140879E+02   0.143338E+02   0.145778E+02   0.148206E+02
    0.150649E+02   0.153179E+02   0.155952E+02   0.158734E+02   0.159201E+02
    0.165489E+02   0.179699E+02   0.176743E+02   0.190504E+02   0.175321E+02
    0.178463E+02   0.164622E+02   0.158620E+02   0.153866E+02   0.149781E+02
    0.146105E+02   0.142682E+02   0.139396E+02   0.136164E+02   0.132918E+02
    0.129645E+02   0.126368E+02   0.123023E+02   0.119556E+02   0.116038E+02
    0.112558E+02   0.103752E+02
    0.762293E+01   0.791580E+01   0.846864E+01   0.888090E+01   0.918170E+01
    0.940579E+01   0.958097E+01   0.975081E+01   0.996939E+01   0.102518E+02
    0.105598E+02   0.108299E+02   0.110431E+02   0.112131E+02   0.113463E+02
    0.114667E+02   0.116075E+02   0.117818E+02   0.119892E+02   0.122251E+02
    0.124755E+02   0.127288E+02   0.129821E+02   0.132340E+02   0.134830E+02
    0.137288E+02   0.139728E+02   0.142149E+02   0.144545E+02   0.146915E+02
    0.149272E+02   0.151667E+02   0.154214E+02   0.157084E+02   0.158898E+02
    0.159103E+02   0.165088E+02   0.179526E+02   0.177320E+02   0.191079E+02
    0.175922E+02   0.179540E+02   0.165448E+02   0.159607E+02   0.154959E+02
    0.150936E+02   0.147280E+02   0.143835E+02   0.140493E+02   0.137171E+02
    0.133846E+02   0.130534E+02   0.127168E+02   0.123687E+02   0.120163E+02
    0.116681E+02   0.107876E+02
    0.756796E+01   0.781836E+01   0.836201E+01   0.877028E+01   0.907240E+01
    0.930333E+01   0.948861E+01   0.966828E+01   0.989384E+01   0.101799E+02
    0.104893E+02   0.107589E+02   0.109699E+02   0.111365E+02   0.112650E+02
    0.113793E+02   0.115141E+02   0.116836E+02   0.118884E+02   0.121239E+02
    0.123751E+02   0.126290E+02   0.128819E+02   0.131322E+02   0.133786E+02
    0.136212E+02   0.138619E+02   0.141005E+02   0.143365E+02   0.145692E+02
    0.147993E+02   0.150306E+02   0.152716E+02   0.155354E+02   0.158302E+02
    0.158515E+02   0.157456E+02   0.163980E+02   0.178891E+02   0.177646E+02
    0.191415E+02   0.176263E+02   0.180489E+02   0.165779E+02   0.160066E+02
    0.155685E+02   0.151869E+02   0.148223E+02   0.144748E+02   0.141339E+02
    0.137957E+02   0.134607E+02   0.131214E+02   0.127716E+02   0.124180E+02
    0.120690E+02   0.111881E+02
    0.743873E+01   0.764088E+01   0.817851E+01   0.859018E+01   0.890295E+01
    0.914629E+01   0.934184E+01   0.952945E+01   0.976409E+01   0.100626E+02
    0.103852E+02   0.106640E+02   0.108797E+02   0.110476E+02   0.111756E+02
    0.112890E+02   0.114228E+02   0.115905E+02   0.117937E+02   0.120287E+02
    0.122802E+02   0.125344E+02   0.127868E+02   0.130355E+02   0.132795E+02
    0.135195E+02   0.137575E+02   0.139938E+02   0.142273E+02   0.144573E+02
    0.146836E+02   0.149094E+02   0.151420E+02   0.153644E+02   0.156208E+02
    0.159156E+02   0.157796E+02   0.157380E+02   0.163189E+02   0.177564E+02
    0.177877E+02   0.191738E+02   0.176506E+02   0.181535E+02   0.166040E+02
    0.160354E+02   0.156189E+02   0.152533E+02   0.148766E+02   0.145300E+02
    0.141816E+02   0.138392E+02   0.134950E+02   0.131421E+02   0.127870E+02
    0.124372E+02   0.115559E+02
    0.727358E+01   0.744493E+01   0.798433E+01   0.840478E+01   0.873293E+01
    0.899215E+01   0.919781E+01   0.938913E+01   0.962719E+01   0.993363E+01
    0.102663E+02   0.105529E+02   0.107728E+02   0.109427E+02   0.110725E+02
    0.111886E+02   0.113258E+02   0.114965E+02   0.117017E+02   0.119382E+02
    0.121444E+02   0.123993E+02   0.126572E+02   0.129307E+02   0.131870E+02
    0.134245E+02   0.136602E+02   0.138945E+02   0.141264E+02   0.143547E+02
    0.145791E+02   0.148020E+02   0.150298E+02   0.152361E+02   0.154129E+02
    0.156422E+02   0.159087E+02   0.156856E+02   0.155899E+02   0.163121E+02
    0.177199E+02   0.177989E+02   0.192010E+02   0.176637E+02   0.182123E+02
    0.165063E+02   0.159288E+02   0.155730E+02   0.152550E+02   0.148562E+02
    0.145160E+02   0.141636E+02   0.138124E+02   0.134551E+02   0.130973E+02
    0.127459E+02   0.118639E+02
    0.704694E+01   0.722299E+01   0.777934E+01   0.822021E+01   0.857260E+01
    0.885454E+01   0.907579E+01   0.927460E+01   0.951666E+01   0.982851E+01
    0.101678E+02   0.104596E+02   0.106822E+02   0.108533E+02   0.109839E+02
    0.111020E+02   0.112420E+02   0.114152E+02   0.116222E+02   0.118598E+02
    0.121135E+02   0.122484E+02   0.125002E+02   0.127675E+02   0.130769E+02
    0.133416E+02   0.135754E+02   0.138082E+02   0.140389E+02   0.142662E+02
    0.144896E+02   0.147110E+02   0.149361E+02   0.151721E+02   0.153464E+02
    0.153427E+02   0.154253E+02   0.156626E+02   0.157850E+02   0.158046E+02
    0.165248E+02   0.179743E+02   0.178992E+02   0.193223E+02   0.177661E+02
    0.183361E+02   0.166309E+02   0.160316E+02   0.156064E+02   0.152294E+02
    0.147771E+02   0.144773E+02   0.141162E+02   0.137522E+02   0.133900E+02
    0.130356E+02   0.121521E+02
    0.683182E+01   0.703796E+01   0.761435E+01   0.807528E+01   0.845035E+01
    0.875320E+01   0.898938E+01   0.919666E+01   0.944344E+01   0.975883E+01
    0.101013E+02   0.103951E+02   0.106182E+02   0.107889E+02   0.109192E+02
    0.110379E+02   0.111793E+02   0.113537E+02   0.115617E+02   0.118002E+02
    0.120546E+02   0.123105E+02   0.122435E+02   0.124881E+02   0.127847E+02
    0.132027E+02   0.135100E+02   0.137416E+02   0.139715E+02   0.141982E+02
    0.144210E+02   0.146415E+02   0.148648E+02   0.150972E+02   0.153420E+02
    0.153743E+02   0.151770E+02   0.151573E+02   0.153558E+02   0.156330E+02
    0.160298E+02   0.167397E+02   0.182747E+02   0.179801E+02   0.194268E+02
    0.178487E+02   0.183711E+02   0.165833E+02   0.159486E+02   0.154899E+02
    0.150866E+02   0.146220E+02   0.143187E+02   0.139444E+02   0.135752E+02
    0.132160E+02   0.123303E+02
    0.662915E+01   0.689262E+01   0.748732E+01   0.796550E+01   0.835977E+01
    0.868097E+01   0.893156E+01   0.914862E+01   0.940130E+01   0.971971E+01
    0.100638E+02   0.103580E+02   0.105805E+02   0.107500E+02   0.108789E+02
    0.109963E+02   0.111367E+02   0.113106E+02   0.115185E+02   0.117576E+02
    0.120128E+02   0.122577E+02   0.124743E+02   0.124835E+02   0.127527E+02
    0.130677E+02   0.134341E+02   0.136938E+02   0.139227E+02   0.141488E+02
    0.143710E+02   0.145908E+02   0.148127E+02   0.150424E+02   0.152781E+02
    0.154822E+02   0.155716E+02   0.152087E+02   0.150909E+02   0.152479E+02
    0.156776E+02   0.162588E+02   0.168527E+02   0.185321E+02   0.181619E+02
    0.196331E+02   0.180328E+02   0.186384E+02   0.168671E+02   0.162008E+02
    0.157011E+02   0.152678E+02   0.148000E+02   0.144745E+02   0.140943E+02
    0.137275E+02   0.128384E+02
    0.647555E+01   0.678608E+01   0.739097E+01   0.788067E+01   0.828880E+01
    0.862434E+01   0.888794E+01   0.911518E+01   0.937381E+01   0.969408E+01
    0.100382E+02   0.103319E+02   0.105533E+02   0.107214E+02   0.108486E+02
    0.109641E+02   0.111026E+02   0.112752E+02   0.114827E+02   0.117221E+02
    0.119319E+02   0.121894E+02   0.124104E+02   0.125579E+02   0.126951E+02
    0.130049E+02   0.133045E+02   0.135930E+02   0.138447E+02   0.140976E+02
    0.143300E+02   0.145495E+02   0.147707E+02   0.149985E+02   0.152343E+02
    0.154327E+02   0.155405E+02   0.155736E+02   0.150298E+02   0.148621E+02
    0.150659E+02   0.156030E+02   0.162712E+02   0.169453E+02   0.186265E+02
    0.182488E+02   0.197436E+02   0.181208E+02   0.187800E+02   0.170424E+02
    0.163538E+02   0.158398E+02   0.153925E+02   0.149526E+02   0.145760E+02
    0.141972E+02   0.133026E+02
    0.635013E+01   0.669159E+01   0.730570E+01   0.780510E+01   0.822194E+01
    0.856488E+01   0.883686E+01   0.907416E+01   0.934133E+01   0.966615E+01
    0.100128E+02   0.103088E+02   0.105321E+02   0.107015E+02   0.108288E+02
    0.109414E+02   0.110747E+02   0.112422E+02   0.114465E+02   0.116853E+02
    0.119423E+02   0.120804E+02   0.123330E+02   0.124840E+02   0.123861E+02
    0.126330E+02   0.131134E+02   0.134775E+02   0.137202E+02   0.139763E+02
    0.142347E+02   0.144582E+02   0.146781E+02   0.149038E+02   0.151359E+02
    0.153705E+02   0.154879E+02   0.152898E+02   0.153252E+02   0.147847E+02
    0.147953E+02   0.150969E+02   0.156789E+02   0.163279E+02   0.170482E+02
    0.187121E+02   0.182975E+02   0.198154E+02   0.181716E+02   0.188418E+02
    0.171685E+02   0.164518E+02   0.159189E+02   0.154550E+02   0.150443E+02
    0.146545E+02   0.137509E+02
    0.623610E+01   0.659838E+01   0.722213E+01   0.773119E+01   0.815616E+01
    0.850617E+01   0.878614E+01   0.903250E+01   0.930682E+01   0.963458E+01
    0.998119E+01   0.102763E+02   0.104984E+02   0.106669E+02   0.107932E+02
    0.109041E+02   0.110350E+02   0.112003E+02   0.114035E+02   0.116424E+02
    0.118540E+02   0.121140E+02   0.120143E+02   0.122580E+02   0.123752E+02
    0.121536E+02   0.124637E+02   0.130184E+02   0.134100E+02   0.136249E+02
    0.139442E+02   0.143044E+02   0.145541E+02   0.147448E+02   0.149733E+02
    0.152036E+02   0.154512E+02   0.153719E+02   0.149354E+02   0.149507E+02
    0.146439E+02   0.148719E+02   0.153394E+02   0.159502E+02   0.165545E+02
    0.172155E+02   0.188180E+02   0.183155E+02   0.198543E+02   0.181946E+02
    0.188077E+02   0.170881E+02   0.163322E+02   0.157713E+02   0.152734E+02
    0.149087E+02   0.139914E+02
    0.614147E+01   0.653959E+01   0.719187E+01   0.773571E+01   0.818501E+01
    0.854772E+01   0.883874E+01   0.909510E+01   0.936697E+01   0.967699E+01
    0.100026E+02   0.102825E+02   0.104940E+02   0.106546E+02   0.107746E+02
    0.108795E+02   0.110053E+02   0.111671E+02   0.113683E+02   0.116064E+02
    0.118178E+02   0.119508E+02   0.122042E+02   0.121230E+02   0.123561E+02
    0.124456E+02   0.121291E+02   0.124797E+02   0.131080E+02   0.135288E+02
    0.137294E+02   0.140856E+02   0.143212E+02   0.145077E+02   0.146399E+02
    0.148687E+02   0.150938E+02   0.153751E+02   0.152602E+02   0.146776E+02
    0.147701E+02   0.147884E+02   0.152591E+02   0.157029E+02   0.162804E+02
    0.168666E+02   0.175034E+02   0.190366E+02   0.184290E+02   0.199732E+02
    0.183187E+02   0.188510E+02   0.172398E+02   0.164431E+02   0.158502E+02
    0.153216E+02   0.145506E+02
    0.608153E+01   0.648434E+01   0.712404E+01   0.764559E+01   0.808548E+01
    0.845410E+01   0.874849E+01   0.900095E+01   0.927661E+01   0.960437E+01
    0.995157E+01   0.102484E+02   0.104714E+02   0.106398E+02   0.107654E+02
    0.108739E+02   0.109998E+02   0.111586E+02   0.113552E+02   0.115887E+02
    0.117966E+02   0.119272E+02   0.117706E+02   0.120233E+02   0.119306E+02
    0.121635E+02   0.122498E+02   0.119990E+02   0.124216E+02   0.130483E+02
    0.134901E+02   0.136409E+02   0.140013E+02   0.144451E+02   0.147685E+02
    0.147377E+02   0.149366E+02   0.151421E+02   0.155121E+02   0.154593E+02
    0.148780E+02   0.150154E+02   0.151639E+02   0.156387E+02   0.160296E+02
    0.165694E+02   0.171360E+02   0.176785E+02   0.191549E+02   0.185577E+02
    0.200981E+02   0.184636E+02   0.189362E+02   0.174200E+02   0.166011E+02
    0.159781E+02   0.148399E+02
  
 log(Bij)/0.720:
    0.151880E+02   0.150848E+02   0.156319E+02   0.161533E+02   0.166732E+02
    0.172772E+02   0.187972E+02   0.180818E+02   0.196460E+02   0.178878E+02
    0.184178E+02   0.167663E+02   0.160650E+02   0.155089E+02   0.150085E+02
    0.145400E+02   0.140970E+02   0.136806E+02   0.132949E+02   0.129454E+02
    0.126224E+02   0.123056E+02   0.119924E+02   0.116866E+02   0.113893E+02
    0.110982E+02   0.108073E+02   0.105088E+02   0.101946E+02   0.985882E+01
    0.949923E+01   0.911761E+01   0.872015E+01   0.831424E+01   0.790321E+01
    0.748891E+01   0.707568E+01   0.666997E+01   0.627939E+01   0.591055E+01
    0.556830E+01   0.525085E+01   0.495090E+01   0.466521E+01   0.438807E+01
    0.411344E+01   0.383400E+01   0.354176E+01   0.322961E+01   0.289398E+01
    0.254207E+01   0.218541E+01   0.182236E+01   0.144980E+01   0.107981E+01
    0.724565E+00  -0.156538E+00
    0.149894E+02   0.148143E+02   0.153309E+02   0.158141E+02   0.162723E+02
    0.167436E+02   0.173061E+02   0.188539E+02   0.181040E+02   0.197152E+02
    0.179711E+02   0.185232E+02   0.168647E+02   0.161319E+02   0.155436E+02
    0.150160E+02   0.145252E+02   0.140690E+02   0.136515E+02   0.132769E+02
    0.129325E+02   0.125960E+02   0.122642E+02   0.119409E+02   0.116272E+02
    0.113209E+02   0.110166E+02   0.107066E+02   0.103828E+02   0.100391E+02
    0.967309E+01   0.928648E+01   0.888528E+01   0.847668E+01   0.806392E+01
    0.764881E+01   0.723552E+01   0.683022E+01   0.644022E+01   0.607186E+01
    0.573117E+01   0.541541E+01   0.511508E+01   0.482894E+01   0.455135E+01
    0.427633E+01   0.399670E+01   0.370459E+01   0.339292E+01   0.305806E+01
    0.270711E+01   0.235160E+01   0.198998E+01   0.161922E+01   0.125100E+01
    0.896915E+00   0.162614E-01
    0.148993E+02   0.146557E+02   0.151476E+02   0.156050E+02   0.160270E+02
    0.164332E+02   0.168478E+02   0.173709E+02   0.189086E+02   0.181974E+02
    0.197944E+02   0.181064E+02   0.185902E+02   0.169790E+02   0.162305E+02
    0.156212E+02   0.150762E+02   0.145768E+02   0.141235E+02   0.137219E+02
    0.133565E+02   0.130011E+02   0.126520E+02   0.123123E+02   0.119833E+02
    0.116628E+02   0.113459E+02   0.110252E+02   0.106925E+02   0.103417E+02
    0.997033E+01   0.957974E+01   0.917561E+01   0.876487E+01   0.835064E+01
    0.793466E+01   0.752099E+01   0.711555E+01   0.672544E+01   0.635685E+01
    0.601767E+01   0.570399E+01   0.540321E+01   0.511691E+01   0.483936E+01
    0.456457E+01   0.428552E+01   0.399458E+01   0.368476E+01   0.335221E+01
    0.300362E+01   0.265006E+01   0.229002E+01   0.192082E+01   0.155395E+01
    0.120066E+01   0.320266E+00
    0.148671E+02   0.145675E+02   0.150387E+02   0.154761E+02   0.158736E+02
    0.162398E+02   0.165778E+02   0.169257E+02   0.174303E+02   0.188971E+02
    0.183119E+02   0.198221E+02   0.182115E+02   0.185610E+02   0.170136E+02
    0.162702E+02   0.156662E+02   0.151315E+02   0.146497E+02   0.142228E+02
    0.138357E+02   0.134612E+02   0.130946E+02   0.127386E+02   0.123941E+02
    0.120595E+02   0.117300E+02   0.113986E+02   0.110572E+02   0.106999E+02
    0.103239E+02   0.993031E+01   0.952448E+01   0.911293E+01   0.869860E+01
    0.828317E+01   0.787052E+01   0.746632E+01   0.707736E+01   0.670967E+01
    0.637166E+01   0.605925E+01   0.575909E+01   0.547351E+01   0.519668E+01
    0.492263E+01   0.464468E+01   0.435548E+01   0.404816E+01   0.371867E+01
    0.337297E+01   0.302148E+01   0.266276E+01   0.229446E+01   0.192818E+01
    0.157502E+01   0.694535E+00
    0.148499E+02   0.144873E+02   0.149307E+02   0.153461E+02   0.157224E+02
    0.160607E+02   0.163515E+02   0.166120E+02   0.169277E+02   0.174453E+02
    0.188376E+02   0.183777E+02   0.198009E+02   0.182566E+02   0.184752E+02
    0.169817E+02   0.162562E+02   0.156691E+02   0.151561E+02   0.147035E+02
    0.142935E+02   0.138996E+02   0.135158E+02   0.131439E+02   0.127846E+02
    0.124363E+02   0.120944E+02   0.117521E+02   0.114017E+02   0.110371E+02
    0.106556E+02   0.102581E+02   0.984938E+01   0.943579E+01   0.902009E+01
    0.860379E+01   0.819060E+01   0.778597E+01   0.739651E+01   0.702816E+01
    0.668908E+01   0.637577E+01   0.607577E+01   0.579054E+01   0.551408E+01
    0.524040E+01   0.496291E+01   0.467441E+01   0.436798E+01   0.403933E+01
    0.369407E+01   0.334245E+01   0.298340E+01   0.261502E+01   0.224895E+01
    0.189605E+01   0.101569E+01
    0.148330E+02   0.144025E+02   0.148175E+02   0.152091E+02   0.155637E+02
    0.158764E+02   0.161296E+02   0.163328E+02   0.165567E+02   0.168990E+02
    0.174428E+02   0.187731E+02   0.184113E+02   0.197645E+02   0.182623E+02
    0.183844E+02   0.169378E+02   0.162276E+02   0.156578E+02   0.151695E+02
    0.147325E+02   0.143175E+02   0.139163E+02   0.135290E+02   0.131557E+02
    0.127945E+02   0.124411E+02   0.120886E+02   0.117299E+02   0.113592E+02
    0.109734E+02   0.105729E+02   0.101620E+02   0.974646E+01   0.932873E+01
    0.891018E+01   0.849440E+01   0.808685E+01   0.769427E+01   0.732294E+01
    0.698079E+01   0.666502E+01   0.636418E+01   0.607877E+01   0.580257E+01
    0.552939E+01   0.525265E+01   0.496522E+01   0.466019E+01   0.433316E+01
    0.398933E+01   0.363850E+01   0.327945E+01   0.291045E+01   0.254351E+01
    0.218983E+01   0.130903E+01
    0.147983E+02   0.143011E+02   0.146907E+02   0.150597E+02   0.153927E+02
    0.156801E+02   0.158991E+02   0.160571E+02   0.162237E+02   0.164872E+02
    0.168864E+02   0.174501E+02   0.187499E+02   0.184291E+02   0.197508E+02
    0.182638E+02   0.183430E+02   0.169160E+02   0.162166E+02   0.156631E+02
    0.151850E+02   0.147413E+02   0.143183E+02   0.139133E+02   0.135251E+02
    0.131512E+02   0.127869E+02   0.124253E+02   0.120596E+02   0.116846E+02
    0.112966E+02   0.108951E+02   0.104836E+02   0.100673E+02   0.964838E+01
    0.922792E+01   0.880944E+01   0.839845E+01   0.800194E+01   0.762665E+01
    0.728106E+01   0.696304E+01   0.666143E+01   0.637634E+01   0.610116E+01
    0.582946E+01   0.555482E+01   0.527042E+01   0.496954E+01   0.464745E+01
    0.430821E+01   0.396029E+01   0.360199E+01   0.323201E+01   0.286333E+01
    0.250793E+01   0.162615E+01
    0.147723E+02   0.142097E+02   0.145687E+02   0.149112E+02   0.152183E+02
    0.154779E+02   0.156644E+02   0.157843E+02   0.159085E+02   0.161245E+02
    0.164584E+02   0.168930E+02   0.174583E+02   0.187342E+02   0.184350E+02
    0.197396E+02   0.182601E+02   0.183163E+02   0.169009E+02   0.162150E+02
    0.156699E+02   0.151854E+02   0.147348E+02   0.143093E+02   0.139049E+02
    0.135177E+02   0.131422E+02   0.127713E+02   0.123984E+02   0.120184E+02
    0.116277E+02   0.112249E+02   0.108129E+02   0.103963E+02   0.997708E+01
    0.955607E+01   0.913656E+01   0.872381E+01   0.832471E+01   0.794619E+01
    0.759696E+01   0.727561E+01   0.697163E+01   0.668482E+01   0.640854E+01
    0.613638E+01   0.586216E+01   0.557933E+01   0.528135E+01   0.496322E+01
    0.462789E+01   0.428240E+01   0.392439E+01   0.355273E+01   0.318141E+01
    0.282345E+01   0.194031E+01
    0.147620E+02   0.141482E+02   0.144811E+02   0.147992E+02   0.150807E+02
    0.153132E+02   0.154706E+02   0.155595E+02   0.156505E+02   0.158295E+02
    0.161190E+02   0.164909E+02   0.169291E+02   0.174783E+02   0.187324E+02
    0.184563E+02   0.197461E+02   0.182740E+02   0.183135E+02   0.169110E+02
    0.162356E+02   0.156872E+02   0.151983E+02   0.147471E+02   0.143236E+02
    0.139212E+02   0.135332E+02   0.131520E+02   0.127709E+02   0.123851E+02
    0.119905E+02   0.115854E+02   0.111722E+02   0.107551E+02   0.103355E+02
    0.991449E+01   0.949499E+01   0.908197E+01   0.868209E+01   0.830214E+01
    0.795013E+01   0.762530E+01   0.731859E+01   0.702900E+01   0.675014E+01
    0.647588E+01   0.620021E+01   0.591673E+01   0.561908E+01   0.530223E+01
    0.496867E+01   0.462466E+01   0.426711E+01   0.389463E+01   0.352160E+01
    0.316187E+01   0.227781E+01
    0.147774E+02   0.141288E+02   0.144408E+02   0.147361E+02   0.149900E+02
    0.151934E+02   0.153247E+02   0.153930E+02   0.154653E+02   0.156185E+02
    0.158715E+02   0.161977E+02   0.165701E+02   0.169890E+02   0.175169E+02
    0.187480E+02   0.185021E+02   0.197752E+02   0.183165E+02   0.183330E+02
    0.169444E+02   0.162706E+02   0.157224E+02   0.152374E+02   0.147924E+02
    0.143748E+02   0.139751E+02   0.135844E+02   0.131959E+02   0.128045E+02
    0.124064E+02   0.119998E+02   0.115867E+02   0.111707E+02   0.107533E+02
    0.103353E+02   0.991933E+01   0.950931E+01   0.911120E+01   0.873131E+01
    0.837652E+01   0.804700E+01   0.773578E+01   0.744067E+01   0.715614E+01
    0.687695E+01   0.659761E+01   0.631210E+01   0.601438E+01   0.569936E+01
    0.536843E+01   0.502612E+01   0.466793E+01   0.429202E+01   0.391402E+01
    0.354967E+01   0.266330E+01
    0.148207E+02   0.141364E+02   0.144263E+02   0.147014E+02   0.149358E+02
    0.151202E+02   0.152322E+02   0.152815E+02   0.153344E+02   0.154638E+02
    0.156870E+02   0.159795E+02   0.163109E+02   0.166670E+02   0.170659E+02
    0.175766E+02   0.187818E+02   0.185661E+02   0.198266E+02   0.183877E+02
    0.183768E+02   0.169947E+02   0.163242E+02   0.157803E+02   0.153001E+02
    0.148584E+02   0.144408E+02   0.140368E+02   0.136383E+02   0.132396E+02
    0.128363E+02   0.124261E+02   0.120105E+02   0.115927E+02   0.111740E+02
    0.107551E+02   0.103386E+02   0.992834E+01   0.953023E+01   0.915025E+01
    0.879403E+01   0.846196E+01   0.814862E+01   0.785108E+01   0.756424E+01
    0.728310E+01   0.700203E+01   0.671486E+01   0.641577E+01   0.610013E+01
    0.576970E+01   0.542894E+01   0.507252E+01   0.469752E+01   0.431913E+01
    0.395356E+01   0.306642E+01
    0.148818E+02   0.141665E+02   0.144373E+02   0.146893E+02   0.148984E+02
    0.150590E+02   0.151515E+02   0.151874E+02   0.152304E+02   0.153464E+02
    0.155487E+02   0.158143E+02   0.161143E+02   0.164300E+02   0.167645E+02
    0.171436E+02   0.176345E+02   0.188137E+02   0.186321E+02   0.198801E+02
    0.184669E+02   0.184168E+02   0.170410E+02   0.163777E+02   0.158403E+02
    0.153646E+02   0.149243E+02   0.145046E+02   0.140954E+02   0.136895E+02
    0.132817E+02   0.128693E+02   0.124527E+02   0.120345E+02   0.116157E+02
    0.111972E+02   0.107813E+02   0.103719E+02   0.997442E+01   0.959427E+01
    0.923617E+01   0.890056E+01   0.858327E+01   0.828133E+01   0.799045E+01
    0.770619E+01   0.742300E+01   0.713468E+01   0.683602E+01   0.652296E+01
    0.619705E+01   0.586158E+01   0.550939E+01   0.513603E+01   0.475646E+01
    0.438807E+01   0.349908E+01
    0.149458E+02   0.142046E+02   0.144668E+02   0.147040E+02   0.148926E+02
    0.150296E+02   0.151002E+02   0.151188E+02   0.151473E+02   0.152473E+02
    0.154304E+02   0.156741E+02   0.159497E+02   0.162361E+02   0.165299E+02
    0.168434E+02   0.172042E+02   0.176801E+02   0.188482E+02   0.187036E+02
    0.199337E+02   0.185315E+02   0.184570E+02   0.170826E+02   0.164250E+02
    0.158923E+02   0.154191E+02   0.149784E+02   0.145552E+02   0.141398E+02
    0.137255E+02   0.133087E+02   0.128891E+02   0.124687E+02   0.120481E+02
    0.116282E+02   0.112112E+02   0.108010E+02   0.104029E+02   0.100220E+02
    0.966272E+01   0.932552E+01   0.900679E+01   0.870354E+01   0.841171E+01
    0.812687E+01   0.784339E+01   0.755498E+01   0.725659E+01   0.694450E+01
    0.662045E+01   0.628762E+01   0.593829E+01   0.556730E+01   0.518904E+01
    0.482082E+01   0.393178E+01
    0.150105E+02   0.142422E+02   0.144961E+02   0.147175E+02   0.148849E+02
    0.149991E+02   0.150498E+02   0.150534E+02   0.150691E+02   0.151543E+02
    0.153190E+02   0.155420E+02   0.157956E+02   0.160578E+02   0.163222E+02
    0.165948E+02   0.168908E+02   0.172395E+02   0.177082E+02   0.188732E+02
    0.187587E+02   0.199734E+02   0.185774E+02   0.184864E+02   0.171122E+02
    0.164579E+02   0.159283E+02   0.154559E+02   0.150133E+02   0.145858E+02
    0.141640E+02   0.137426E+02   0.133203E+02   0.128980E+02   0.124762E+02
    0.120552E+02   0.116373E+02   0.112260E+02   0.108263E+02   0.104433E+02
    0.100811E+02   0.974037E+01   0.941827E+01   0.911188E+01   0.881746E+01
    0.853082E+01   0.824638E+01   0.795791E+01   0.766064E+01   0.735100E+01
    0.703026E+01   0.670077E+01   0.635401E+01   0.598437E+01   0.560630E+01
    0.523764E+01   0.434831E+01
    0.150748E+02   0.142758E+02   0.145188E+02   0.147226E+02   0.148684E+02
    0.149620E+02   0.149971E+02   0.149904E+02   0.149974E+02   0.150697E+02
    0.152160E+02   0.154170E+02   0.156475E+02   0.158863E+02   0.161251E+02
    0.163669E+02   0.166220E+02   0.169075E+02   0.172519E+02   0.177181E+02
    0.188776E+02   0.187894E+02   0.199922E+02   0.186037E+02   0.184985E+02
    0.171228E+02   0.164693E+02   0.159409E+02   0.154674E+02   0.150217E+02
    0.145889E+02   0.141610E+02   0.137349E+02   0.133105E+02   0.128874E+02
    0.124659E+02   0.120477E+02   0.116358E+02   0.112349E+02   0.108497E+02
    0.104842E+02   0.101394E+02   0.981308E+01   0.950237E+01   0.920400E+01
    0.891416E+01   0.862745E+01   0.833776E+01   0.804051E+01   0.773212E+01
    0.741330E+01   0.708547E+01   0.673946E+01   0.636948E+01   0.599044E+01
    0.562094E+01   0.473129E+01
    0.151422E+02   0.143054E+02   0.145360E+02   0.147237E+02   0.148506E+02
    0.149267E+02   0.149489E+02   0.149340E+02   0.149331E+02   0.149926E+02
    0.151205E+02   0.152999E+02   0.155081E+02   0.157250E+02   0.159416E+02
    0.161595E+02   0.163868E+02   0.166351E+02   0.169202E+02   0.172656E+02
    0.177262E+02   0.188821E+02   0.188123E+02   0.200093E+02   0.186252E+02
    0.185168E+02   0.171331E+02   0.164754E+02   0.159441E+02   0.154670E+02
    0.150160E+02   0.145773E+02   0.141448E+02   0.137167E+02   0.132915E+02
    0.128691E+02   0.124506E+02   0.120384E+02   0.116366E+02   0.112496E+02
    0.108813E+02   0.105332E+02   0.102034E+02   0.988892E+01   0.958700E+01
    0.929408E+01   0.900492E+01   0.871347E+01   0.841517E+01   0.810633E+01
    0.778731E+01   0.745911E+01   0.711234E+01   0.674132E+01   0.636143E+01
    0.599175E+01   0.510219E+01
    0.152017E+02   0.143399E+02   0.145638E+02   0.147379E+02   0.148432E+02
    0.148958E+02   0.149030E+02   0.148856E+02   0.148866E+02   0.149410E+02
    0.150540E+02   0.152124E+02   0.153976E+02   0.155922E+02   0.157867E+02
    0.159815E+02   0.161850E+02   0.164071E+02   0.166574E+02   0.169463E+02
    0.172886E+02   0.177426E+02   0.189131E+02   0.188435E+02   0.200461E+02
    0.186572E+02   0.185678E+02   0.171694E+02   0.165011E+02   0.159629E+02
    0.154797E+02   0.150235E+02   0.145821E+02   0.141503E+02   0.137252E+02
    0.133055E+02   0.128913E+02   0.124837E+02   0.120857E+02   0.117013E+02
    0.113336E+02   0.109839E+02   0.106505E+02   0.103308E+02   0.100228E+02
    0.972399E+01   0.942959E+01   0.913375E+01   0.883229E+01   0.852181E+01
    0.820240E+01   0.787417E+01   0.752660E+01   0.715335E+01   0.677042E+01
    0.639811E+01   0.550728E+01
    0.152342E+02   0.143606E+02   0.145857E+02   0.147597E+02   0.148564E+02
    0.148912E+02   0.148794E+02   0.148488E+02   0.148410E+02   0.148851E+02
    0.149845E+02   0.151267E+02   0.152948E+02   0.154727E+02   0.156500E+02
    0.158268E+02   0.160117E+02   0.162144E+02   0.164422E+02   0.166995E+02
    0.169879E+02   0.173235E+02   0.177777E+02   0.189742E+02   0.188885E+02
    0.201035E+02   0.187023E+02   0.186449E+02   0.172343E+02   0.165529E+02
    0.160051E+02   0.155149E+02   0.150549E+02   0.146136E+02   0.141847E+02
    0.137648E+02   0.133526E+02   0.129482E+02   0.125541E+02   0.121734E+02
    0.118089E+02   0.114613E+02   0.111284E+02   0.108078E+02   0.104979E+02
    0.101967E+02   0.989956E+01   0.960085E+01   0.929651E+01   0.898355E+01
    0.866245E+01   0.833339E+01   0.798531E+01   0.761120E+01   0.722689E+01
    0.685303E+01   0.596130E+01
    0.152544E+02   0.143806E+02   0.146039E+02   0.147742E+02   0.148608E+02
    0.148802E+02   0.148539E+02   0.148142E+02   0.148001E+02   0.148354E+02
    0.149220E+02   0.150493E+02   0.152018E+02   0.153645E+02   0.155265E+02
    0.156877E+02   0.158571E+02   0.160449E+02   0.162569E+02   0.164945E+02
    0.167530E+02   0.170349E+02   0.173666E+02   0.178307E+02   0.190539E+02
    0.189432E+02   0.201736E+02   0.187589E+02   0.187350E+02   0.173189E+02
    0.166249E+02   0.160679E+02   0.155729E+02   0.151126E+02   0.146743E+02
    0.142510E+02   0.138391E+02   0.134372E+02   0.130467E+02   0.126702E+02
    0.123093E+02   0.119642E+02   0.116324E+02   0.113114E+02   0.110000E+02
    0.106964E+02   0.103964E+02   0.100941E+02   0.978563E+01   0.946821E+01
    0.914312E+01   0.881124E+01   0.846149E+01   0.808633E+01   0.770111E+01
    0.732637E+01   0.643418E+01
    0.152625E+02   0.143909E+02   0.146073E+02   0.147724E+02   0.148512E+02
    0.148603E+02   0.148237E+02   0.147758E+02   0.147541E+02   0.147801E+02
    0.148558E+02   0.149707E+02   0.151103E+02   0.152602E+02   0.154091E+02
    0.155571E+02   0.157141E+02   0.158904E+02   0.160909E+02   0.163151E+02
    0.165551E+02   0.168072E+02   0.170837E+02   0.174185E+02   0.178998E+02
    0.191429E+02   0.190057E+02   0.202502E+02   0.188232E+02   0.188278E+02
    0.174140E+02   0.167098E+02   0.161476E+02   0.156525E+02   0.151959E+02
    0.147641E+02   0.143497E+02   0.139490E+02   0.135618E+02   0.131897E+02
    0.128334E+02   0.124924E+02   0.121638E+02   0.118447E+02   0.115338E+02
    0.112296E+02   0.109278E+02   0.106225E+02   0.103090E+02   0.998485E+01
    0.965240E+01   0.931426E+01   0.896033E+01   0.858316E+01   0.819742E+01
    0.782285E+01   0.693087E+01
    0.152555E+02   0.143839E+02   0.145955E+02   0.147554E+02   0.148286E+02
    0.148316E+02   0.147885E+02   0.147336E+02   0.147040E+02   0.147214E+02
    0.147883E+02   0.148939E+02   0.150234E+02   0.151626E+02   0.153001E+02
    0.154365E+02   0.155829E+02   0.157499E+02   0.159416E+02   0.161564E+02
    0.163843E+02   0.166184E+02   0.168649E+02   0.171419E+02   0.174864E+02
    0.179872E+02   0.192428E+02   0.190804E+02   0.203362E+02   0.188990E+02
    0.189250E+02   0.175237E+02   0.168139E+02   0.162517E+02   0.157600E+02
    0.153093E+02   0.148850E+02   0.144800E+02   0.140917E+02   0.137203E+02
    0.133658E+02   0.130270E+02   0.127006E+02   0.123833E+02   0.120737E+02
    0.117700E+02   0.114678E+02   0.111608E+02   0.108442E+02   0.105150E+02
    0.101764E+02   0.983276E+01   0.947516E+01   0.909662E+01   0.871131E+01
    0.833800E+01   0.744681E+01
    0.152308E+02   0.143577E+02   0.145655E+02   0.147208E+02   0.147915E+02
    0.147928E+02   0.147455E+02   0.146814E+02   0.146394E+02   0.146457E+02
    0.147046E+02   0.148038E+02   0.149271E+02   0.150596E+02   0.151898E+02
    0.153188E+02   0.154588E+02   0.156200E+02   0.158060E+02   0.160145E+02
    0.162345E+02   0.164573E+02   0.166860E+02   0.169319E+02   0.172154E+02
    0.175749E+02   0.180956E+02   0.193553E+02   0.191696E+02   0.204332E+02
    0.189881E+02   0.190281E+02   0.176512E+02   0.169392E+02   0.163780E+02
    0.158886E+02   0.154409E+02   0.150209E+02   0.146232E+02   0.142463E+02
    0.138894E+02   0.135508E+02   0.132268E+02   0.129136E+02   0.126086E+02
    0.123094E+02   0.120109E+02   0.117067E+02   0.113913E+02   0.110612E+02
    0.107200E+02   0.103733E+02   0.100141E+02   0.963659E+01   0.925453E+01
    0.888498E+01   0.799583E+01
    0.151842E+02   0.142972E+02   0.144996E+02   0.146570E+02   0.147375E+02
    0.147481E+02   0.146981E+02   0.146142E+02   0.145448E+02   0.145313E+02
    0.145822E+02   0.146802E+02   0.148035E+02   0.149343E+02   0.150616E+02
    0.151883E+02   0.153268E+02   0.154865E+02   0.156711E+02   0.158783E+02
    0.160958E+02   0.163130E+02   0.165311E+02   0.167587E+02   0.170090E+02
    0.173041E+02   0.176802E+02   0.182175E+02   0.194706E+02   0.192653E+02
    0.205338E+02   0.190853E+02   0.191310E+02   0.177863E+02   0.170711E+02
    0.165057E+02   0.160118E+02   0.155609E+02   0.151420E+02   0.147513E+02
    0.143871E+02   0.140470E+02   0.137269E+02   0.134216E+02   0.131267E+02
    0.128377E+02   0.125486E+02   0.122525E+02   0.119433E+02   0.116171E+02
    0.112777E+02   0.109322E+02   0.105756E+02   0.102031E+02   0.982775E+01
    0.946424E+01   0.857798E+01
    0.151166E+02   0.142025E+02   0.143871E+02   0.145354E+02   0.146146E+02
    0.146252E+02   0.145688E+02   0.144695E+02   0.143821E+02   0.143586E+02
    0.144096E+02   0.145125E+02   0.146405E+02   0.147742E+02   0.149043E+02
    0.150356E+02   0.151794E+02   0.153426E+02   0.155284E+02   0.157352E+02
    0.159506E+02   0.161639E+02   0.163757E+02   0.165930E+02   0.168255E+02
    0.170875E+02   0.173988E+02   0.177905E+02   0.183409E+02   0.195760E+02
    0.193584E+02   0.206253E+02   0.191775E+02   0.192177E+02   0.179105E+02
    0.171952E+02   0.166279E+02   0.161347E+02   0.156896E+02   0.152824E+02
    0.149086E+02   0.145641E+02   0.142436E+02   0.139409E+02   0.136500E+02
    0.133651E+02   0.130794E+02   0.127860E+02   0.124781E+02   0.121513E+02
    0.118100E+02   0.114627E+02   0.111066E+02   0.107383E+02   0.103695E+02
    0.100126E+02   0.912978E+01
    0.150654E+02   0.141226E+02   0.142812E+02   0.144109E+02   0.144797E+02
    0.144851E+02   0.144232E+02   0.143159E+02   0.142212E+02   0.141954E+02
    0.142496E+02   0.143575E+02   0.144889E+02   0.146240E+02   0.147553E+02
    0.148894E+02   0.150369E+02   0.152033E+02   0.153909E+02   0.155984E+02
    0.158135E+02   0.160255E+02   0.162347E+02   0.164472E+02   0.166706E+02
    0.169155E+02   0.171938E+02   0.175204E+02   0.179241E+02   0.184831E+02
    0.196904E+02   0.194680E+02   0.207304E+02   0.192900E+02   0.193147E+02
    0.180480E+02   0.173396E+02   0.167770E+02   0.162928E+02   0.158622E+02
    0.154740E+02   0.151208E+02   0.147953E+02   0.144900E+02   0.141979E+02
    0.139123E+02   0.136262E+02   0.133320E+02   0.130230E+02   0.126943E+02
    0.123507E+02   0.120020E+02   0.116465E+02   0.112816E+02   0.109177E+02
    0.105653E+02   0.968487E+01
    0.150540E+02   0.140735E+02   0.142059E+02   0.143122E+02   0.143659E+02
    0.143640E+02   0.142998E+02   0.141931E+02   0.141006E+02   0.140781E+02
    0.141355E+02   0.142449E+02   0.143757E+02   0.145086E+02   0.146371E+02
    0.147691E+02   0.149158E+02   0.150821E+02   0.152701E+02   0.154777E+02
    0.156928E+02   0.159044E+02   0.161128E+02   0.163233E+02   0.165425E+02
    0.167783E+02   0.170389E+02   0.173322E+02   0.176706E+02   0.180824E+02
    0.186464E+02   0.198154E+02   0.196002E+02   0.208526E+02   0.194271E+02
    0.194240E+02   0.182016E+02   0.175101E+02   0.169610E+02   0.164931E+02
    0.160818E+02   0.157135E+02   0.153776E+02   0.150650E+02   0.147675E+02
    0.144779E+02   0.141888E+02   0.138926E+02   0.135823E+02   0.132529E+02
    0.129091E+02   0.125607E+02   0.122067E+02   0.118441E+02   0.114829E+02
    0.111329E+02   0.102535E+02
    0.150501E+02   0.140438E+02   0.141617E+02   0.142505E+02   0.142912E+02
    0.142822E+02   0.142167E+02   0.141139E+02   0.140281E+02   0.140108E+02
    0.140700E+02   0.141780E+02   0.143052E+02   0.144335E+02   0.145564E+02
    0.146823E+02   0.148240E+02   0.149871E+02   0.151734E+02   0.153801E+02
    0.155946E+02   0.158058E+02   0.160136E+02   0.162232E+02   0.164401E+02
    0.166709E+02   0.169219E+02   0.171971E+02   0.175019E+02   0.178484E+02
    0.182655E+02   0.188296E+02   0.199493E+02   0.197568E+02   0.209907E+02
    0.195864E+02   0.195419E+02   0.183654E+02   0.177007E+02   0.171729E+02
    0.167256E+02   0.163339E+02   0.159816E+02   0.156570E+02   0.153505E+02
    0.150541E+02   0.147601E+02   0.144608E+02   0.141489E+02   0.138194E+02
    0.134764E+02   0.131293E+02   0.127767E+02   0.124157E+02   0.120558E+02
    0.117065E+02   0.108274E+02
    0.150264E+02   0.140114E+02   0.141283E+02   0.142110E+02   0.142470E+02
    0.142351E+02   0.141705E+02   0.140734E+02   0.139956E+02   0.139836E+02
    0.140430E+02   0.141472E+02   0.142686E+02   0.143902E+02   0.145052E+02
    0.146222E+02   0.147561E+02   0.149139E+02   0.150973E+02   0.153026E+02
    0.155166E+02   0.157275E+02   0.159351E+02   0.161441E+02   0.163596E+02
    0.165874E+02   0.168325E+02   0.170975E+02   0.173839E+02   0.176964E+02
    0.180476E+02   0.184674E+02   0.190246E+02   0.200879E+02   0.199311E+02
    0.211405E+02   0.197610E+02   0.196653E+02   0.185296E+02   0.178974E+02
    0.173947E+02   0.169685E+02   0.165932E+02   0.162521E+02   0.159335E+02
    0.156282E+02   0.153281E+02   0.150250E+02   0.147117E+02   0.143828E+02
    0.140417E+02   0.136969E+02   0.133463E+02   0.129866E+02   0.126272E+02
    0.122778E+02   0.113983E+02
    0.149702E+02   0.139638E+02   0.140859E+02   0.141685E+02   0.142043E+02
    0.141933E+02   0.141318E+02   0.140407E+02   0.139698E+02   0.139623E+02
    0.140222E+02   0.141236E+02   0.142402E+02   0.143561E+02   0.144641E+02
    0.145730E+02   0.146993E+02   0.148518E+02   0.150321E+02   0.152360E+02
    0.154494E+02   0.156600E+02   0.158674E+02   0.160760E+02   0.162906E+02
    0.165163E+02   0.167578E+02   0.170166E+02   0.172926E+02   0.175867E+02
    0.179037E+02   0.182570E+02   0.186326E+02   0.191812E+02   0.202038E+02
    0.200986E+02   0.212811E+02   0.199259E+02   0.197874E+02   0.186805E+02
    0.180816E+02   0.176038E+02   0.171959E+02   0.168328E+02   0.164985E+02
    0.161820E+02   0.158740E+02   0.155661E+02   0.152506E+02   0.149219E+02
    0.145826E+02   0.142400E+02   0.138913E+02   0.135328E+02   0.131740E+02
    0.128242E+02   0.119445E+02
    0.148907E+02   0.139150E+02   0.140463E+02   0.141337E+02   0.141723E+02
    0.141644E+02   0.141090E+02   0.140268E+02   0.139646E+02   0.139616E+02
    0.140213E+02   0.141192E+02   0.142305E+02   0.143404E+02   0.144413E+02
    0.145420E+02   0.146609E+02   0.148080E+02   0.149852E+02   0.151876E+02
    0.154003E+02   0.156107E+02   0.158181E+02   0.160266E+02   0.162406E+02
    0.164648E+02   0.167039E+02   0.169591E+02   0.172291E+02   0.175126E+02
    0.178105E+02   0.181285E+02   0.184699E+02   0.187658E+02   0.192973E+02
    0.203001E+02   0.202616E+02   0.214194E+02   0.200864E+02   0.199220E+02
    0.188289E+02   0.182597E+02   0.178028E+02   0.174087E+02   0.170534E+02
    0.167221E+02   0.164039E+02   0.160893E+02   0.157703E+02   0.154408E+02
    0.151024E+02   0.147614E+02   0.144142E+02   0.140567E+02   0.136981E+02
    0.133481E+02   0.124679E+02
    0.148008E+02   0.138615E+02   0.140054E+02   0.141006E+02   0.141437E+02
    0.141397E+02   0.140896E+02   0.140144E+02   0.139587E+02   0.139590E+02
    0.140185E+02   0.141138E+02   0.142214E+02   0.143269E+02   0.144226E+02
    0.145176E+02   0.146312E+02   0.147748E+02   0.149501E+02   0.151517E+02
    0.153645E+02   0.155753E+02   0.157829E+02   0.159913E+02   0.162047E+02
    0.164278E+02   0.166653E+02   0.169182E+02   0.171845E+02   0.174616E+02
    0.177480E+02   0.180459E+02   0.183632E+02   0.186644E+02   0.186977E+02
    0.192514E+02   0.203246E+02   0.203850E+02   0.215242E+02   0.202093E+02
    0.200698E+02   0.189716E+02   0.184247E+02   0.179824E+02   0.175966E+02
    0.172449E+02   0.169126E+02   0.165886E+02   0.162639E+02   0.159318E+02
    0.155928E+02   0.152522E+02   0.149058E+02   0.145490E+02   0.141908E+02
    0.138407E+02   0.129605E+02
    0.147083E+02   0.138039E+02   0.139629E+02   0.140715E+02   0.141260E+02
    0.141300E+02   0.140838E+02   0.140082E+02   0.139498E+02   0.139481E+02
    0.140063E+02   0.141000E+02   0.142054E+02   0.143083E+02   0.144011E+02
    0.144932E+02   0.146043E+02   0.147461E+02   0.149203E+02   0.151216E+02
    0.153341E+02   0.155443E+02   0.157507E+02   0.159572E+02   0.161681E+02
    0.163886E+02   0.166238E+02   0.168746E+02   0.171386E+02   0.174126E+02
    0.176940E+02   0.179829E+02   0.182839E+02   0.186037E+02   0.187893E+02
    0.187687E+02   0.192648E+02   0.203337E+02   0.205182E+02   0.216341E+02
    0.203417E+02   0.202000E+02   0.190939E+02   0.185677E+02   0.181391E+02
    0.177617E+02   0.174131E+02   0.170786E+02   0.167478E+02   0.164127E+02
    0.160729E+02   0.157325E+02   0.153868E+02   0.150309E+02   0.146735E+02
    0.143239E+02   0.134438E+02
    0.146197E+02   0.137508E+02   0.139266E+02   0.140497E+02   0.141148E+02
    0.141257E+02   0.140834E+02   0.140087E+02   0.139495E+02   0.139472E+02
    0.140061E+02   0.141012E+02   0.142073E+02   0.143101E+02   0.144024E+02
    0.144936E+02   0.146041E+02   0.147453E+02   0.149192E+02   0.151207E+02
    0.153337E+02   0.155444E+02   0.157510E+02   0.159575E+02   0.161680E+02
    0.163880E+02   0.166223E+02   0.168719E+02   0.171340E+02   0.174050E+02
    0.176820E+02   0.179639E+02   0.182535E+02   0.185544E+02   0.188624E+02
    0.188597E+02   0.186849E+02   0.192191E+02   0.203376E+02   0.206442E+02
    0.217545E+02   0.204713E+02   0.203743E+02   0.192021E+02   0.186871E+02
    0.182825E+02   0.179228E+02   0.175714E+02   0.172300E+02   0.168885E+02
    0.165452E+02   0.162030E+02   0.158564E+02   0.155003E+02   0.151427E+02
    0.147930E+02   0.139126E+02
    0.145406E+02   0.137026E+02   0.138937E+02   0.140298E+02   0.141032E+02
    0.141173E+02   0.140747E+02   0.139978E+02   0.139364E+02   0.139335E+02
    0.139942E+02   0.140921E+02   0.142006E+02   0.143054E+02   0.144005E+02
    0.144959E+02   0.146104E+02   0.147541E+02   0.149290E+02   0.151308E+02
    0.153438E+02   0.155544E+02   0.157608E+02   0.159664E+02   0.161759E+02
    0.163950E+02   0.166290E+02   0.168782E+02   0.171396E+02   0.174089E+02
    0.176827E+02   0.179601E+02   0.182433E+02   0.185073E+02   0.187848E+02
    0.190684E+02   0.188825E+02   0.187518E+02   0.192051E+02   0.202548E+02
    0.207627E+02   0.218634E+02   0.205928E+02   0.205339E+02   0.192960E+02
    0.187872E+02   0.184037E+02   0.180578E+02   0.176915E+02   0.173478E+02
    0.169971E+02   0.166501E+02   0.163007E+02   0.159435E+02   0.155859E+02
    0.152365E+02   0.143563E+02
    0.144740E+02   0.136630E+02   0.138702E+02   0.140205E+02   0.141044E+02
    0.141237E+02   0.140804E+02   0.139982E+02   0.139297E+02   0.139224E+02
    0.139825E+02   0.140818E+02   0.141923E+02   0.142993E+02   0.143978E+02
    0.144982E+02   0.146177E+02   0.147648E+02   0.149415E+02   0.151440E+02
    0.153107E+02   0.155212E+02   0.157325E+02   0.159629E+02   0.161853E+02
    0.164030E+02   0.166361E+02   0.168850E+02   0.171462E+02   0.174154E+02
    0.176887E+02   0.179648E+02   0.182454E+02   0.184966E+02   0.186996E+02
    0.189257E+02   0.191536E+02   0.188566E+02   0.186567E+02   0.192450E+02
    0.202472E+02   0.208560E+02   0.219493E+02   0.206877E+02   0.206273E+02
    0.192410E+02   0.187291E+02   0.184074E+02   0.181080E+02   0.177179E+02
    0.173799E+02   0.170264E+02   0.166731E+02   0.163137E+02   0.159553E+02
    0.156053E+02   0.147248E+02
    0.144163E+02   0.136191E+02   0.138431E+02   0.140112E+02   0.141104E+02
    0.141389E+02   0.140961E+02   0.140057E+02   0.139255E+02   0.139108E+02
    0.139700E+02   0.140721E+02   0.141859E+02   0.142962E+02   0.143991E+02
    0.145054E+02   0.146305E+02   0.147811E+02   0.149595E+02   0.151622E+02
    0.153751E+02   0.154642E+02   0.156685E+02   0.158925E+02   0.161683E+02
    0.164140E+02   0.166462E+02   0.168949E+02   0.171564E+02   0.174260E+02
    0.176997E+02   0.179757E+02   0.182551E+02   0.185378E+02   0.187406E+02
    0.187376E+02   0.187877E+02   0.189599E+02   0.189902E+02   0.188971E+02
    0.194799E+02   0.205120E+02   0.210174E+02   0.221083E+02   0.208485E+02
    0.207688E+02   0.193778E+02   0.188500E+02   0.184605E+02   0.181022E+02
    0.176589E+02   0.173630E+02   0.170033E+02   0.166402E+02   0.162793E+02
    0.159275E+02   0.150461E+02
    0.143693E+02   0.135834E+02   0.138243E+02   0.140104E+02   0.141246E+02
    0.141617E+02   0.141191E+02   0.140211E+02   0.139304E+02   0.139088E+02
    0.139666E+02   0.140699E+02   0.141857E+02   0.142980E+02   0.144036E+02
    0.145140E+02   0.146430E+02   0.147959E+02   0.149751E+02   0.151781E+02
    0.153907E+02   0.155998E+02   0.154846E+02   0.156856E+02   0.159489E+02
    0.163487E+02   0.166556E+02   0.169043E+02   0.171662E+02   0.174364E+02
    0.177105E+02   0.179866E+02   0.182654E+02   0.185459E+02   0.188209E+02
    0.188565E+02   0.186308E+02   0.185517E+02   0.186653E+02   0.188398E+02
    0.191207E+02   0.196887E+02   0.208024E+02   0.211317E+02   0.222248E+02
    0.209599E+02   0.208018E+02   0.193097E+02   0.187502E+02   0.183298E+02
    0.179472E+02   0.174942E+02   0.171977E+02   0.168279E+02   0.164627E+02
    0.161078E+02   0.152249E+02
    0.143397E+02   0.135646E+02   0.138182E+02   0.140191E+02   0.141449E+02
    0.141889E+02   0.141479E+02   0.140469E+02   0.139506E+02   0.139243E+02
    0.139796E+02   0.140819E+02   0.141975E+02   0.143102E+02   0.144170E+02
    0.145294E+02   0.146603E+02   0.148145E+02   0.149944E+02   0.151977E+02
    0.154105E+02   0.156080E+02   0.157761E+02   0.157418E+02   0.159785E+02
    0.162764E+02   0.166439E+02   0.169222E+02   0.171842E+02   0.174542E+02
    0.177278E+02   0.180029E+02   0.182800E+02   0.185576E+02   0.188239E+02
    0.190326E+02   0.190965E+02   0.186790E+02   0.184826E+02   0.185449E+02
    0.188701E+02   0.193368E+02   0.197845E+02   0.210562E+02   0.213317E+02
    0.224366E+02   0.211563E+02   0.210743E+02   0.195661E+02   0.189712E+02
    0.185096E+02   0.180985E+02   0.176444E+02   0.173281E+02   0.169551E+02
    0.165951E+02   0.157099E+02
    0.143343E+02   0.135738E+02   0.138287E+02   0.140324E+02   0.141610E+02
    0.142083E+02   0.141711E+02   0.140740E+02   0.139804E+02   0.139539E+02
    0.140061E+02   0.141045E+02   0.142167E+02   0.143267E+02   0.144315E+02
    0.145422E+02   0.146719E+02   0.148256E+02   0.150057E+02   0.152097E+02
    0.153771E+02   0.155873E+02   0.157602E+02   0.158651E+02   0.159708E+02
    0.162648E+02   0.165669E+02   0.168752E+02   0.171607E+02   0.174574E+02
    0.177403E+02   0.180140E+02   0.182892E+02   0.185641E+02   0.188305E+02
    0.190349E+02   0.191201E+02   0.191034E+02   0.184873E+02   0.182325E+02
    0.183411E+02   0.187778E+02   0.193333E+02   0.198560E+02   0.211545E+02
    0.214271E+02   0.225493E+02   0.212453E+02   0.212273E+02   0.197145E+02
    0.190906E+02   0.186126E+02   0.181881E+02   0.177638E+02   0.173992E+02
    0.170311E+02   0.161425E+02
    0.143164E+02   0.135750E+02   0.138315E+02   0.140361E+02   0.141656E+02
    0.142149E+02   0.141814E+02   0.140895E+02   0.140011E+02   0.139767E+02
    0.140275E+02   0.141232E+02   0.142328E+02   0.143406E+02   0.144432E+02
    0.145512E+02   0.146786E+02   0.148315E+02   0.150126E+02   0.152189E+02
    0.154360E+02   0.155289E+02   0.157353E+02   0.158453E+02   0.157171E+02
    0.159492E+02   0.164324E+02   0.168162E+02   0.170921E+02   0.173911E+02
    0.176988E+02   0.179753E+02   0.182484E+02   0.185209E+02   0.187842E+02
    0.190268E+02   0.191253E+02   0.188825E+02   0.188517E+02   0.182308E+02
    0.181537E+02   0.183645E+02   0.188497E+02   0.193841E+02   0.199504E+02
    0.212822E+02   0.214909E+02   0.226449E+02   0.213018E+02   0.213419E+02
    0.198377E+02   0.191792E+02   0.186788E+02   0.182372E+02   0.178439E+02
    0.174698E+02   0.165755E+02
    0.142929E+02   0.135709E+02   0.138276E+02   0.140312E+02   0.141600E+02
    0.142106E+02   0.141813E+02   0.140965E+02   0.140154E+02   0.139951E+02
    0.140460E+02   0.141397E+02   0.142467E+02   0.143524E+02   0.144527E+02
    0.145583E+02   0.146839E+02   0.148362E+02   0.150182E+02   0.152267E+02
    0.154003E+02   0.156171E+02   0.154730E+02   0.156773E+02   0.157655E+02
    0.155298E+02   0.158429E+02   0.164168E+02   0.168407E+02   0.170973E+02
    0.174646E+02   0.178769E+02   0.181794E+02   0.184174E+02   0.186786E+02
    0.189196E+02   0.191526E+02   0.190340E+02   0.185378E+02   0.184795E+02
    0.180921E+02   0.182371E+02   0.186182E+02   0.191323E+02   0.196192E+02
    0.201315E+02   0.214652E+02   0.215343E+02   0.227315E+02   0.213404E+02
    0.213980E+02   0.197864E+02   0.190894E+02   0.185614E+02   0.180869E+02
    0.177426E+02   0.168371E+02
    0.142777E+02   0.135600E+02   0.138118E+02   0.140105E+02   0.141373E+02
    0.141896E+02   0.141665E+02   0.140919E+02   0.140207E+02   0.140043E+02
    0.140521E+02   0.141392E+02   0.142388E+02   0.143371E+02   0.144295E+02
    0.145264E+02   0.146442E+02   0.147912E+02   0.149701E+02   0.151770E+02
    0.153497E+02   0.154389E+02   0.156473E+02   0.155260E+02   0.157294E+02
    0.158045E+02   0.154909E+02   0.158612E+02   0.165229E+02   0.169868E+02
    0.172370E+02   0.176470E+02   0.179370E+02   0.181718E+02   0.183369E+02
    0.185765E+02   0.187887E+02   0.190356E+02   0.188691E+02   0.182235E+02
    0.182474E+02   0.181942E+02   0.185879E+02   0.189419E+02   0.194095E+02
    0.198617E+02   0.203321E+02   0.216067E+02   0.215920E+02   0.227824E+02
    0.213899E+02   0.213678E+02   0.198274E+02   0.190968E+02   0.185445E+02
    0.180463E+02   0.172921E+02
    0.142136E+02   0.135303E+02   0.137851E+02   0.139852E+02   0.141111E+02
    0.141656E+02   0.141486E+02   0.140790E+02   0.140062E+02   0.139809E+02
    0.140191E+02   0.141010E+02   0.141998E+02   0.142998E+02   0.143949E+02
    0.144934E+02   0.146105E+02   0.147552E+02   0.149306E+02   0.151340E+02
    0.153039E+02   0.153913E+02   0.151900E+02   0.154029E+02   0.152809E+02
    0.154995E+02   0.155892E+02   0.153590E+02   0.158166E+02   0.164887E+02
    0.169831E+02   0.171909E+02   0.176088E+02   0.181036E+02   0.184627E+02
    0.184462E+02   0.186361E+02   0.188104E+02   0.191300E+02   0.190123E+02
    0.183575E+02   0.184170E+02   0.184839E+02   0.188706E+02   0.191640E+02
    0.195961E+02   0.200445E+02   0.204363E+02   0.217037E+02   0.216440E+02
    0.228629E+02   0.214554E+02   0.214431E+02   0.199520E+02   0.191934E+02
    0.186143E+02   0.174988E+02
