    48
  1.54588      1.51359      1.48112      1.44860      1.41607    
  1.38353      1.35099      1.31844      1.28589      1.25334    
  1.22079      1.18824      1.15568      1.12313      1.09058    
  1.05803      1.02547     0.992918     0.960364     0.927810    
 0.895256     0.862701     0.830147     0.797593     0.765038    
 0.732484     0.699929     0.667374     0.634820     0.602265    
 0.569710     0.537156     0.504601     0.472046     0.439491    
 0.406936     0.374381     0.341827     0.309272     0.276717    
 0.244162     0.211607     0.179052     0.146497     0.113942    
 0.813873E-01 0.488324E-01 0.162775E-01
 jcap=    94 lonf=   192 latg=    96 numreduce= 4
