     2    98
       0.000  1.00000000
       0.000  0.99687179
       0.001  0.99347368
       0.059  0.98978396
       0.357  0.98577837
       1.215  0.98143005
       3.799  0.97670240
      10.469  0.97154568
      23.783  0.96590703
      46.397  0.95973156
      81.055  0.95296253
     130.573  0.94554173
     197.822  0.93740982
     285.704  0.92850681
     397.123  0.91877267
     534.954  0.90814799
     702.003  0.89657474
     900.965  0.88399721
    1134.375  0.87036302
    1404.555  0.85562416
    1713.552  0.83973831
    2063.082  0.82267002
    2454.459  0.80439212
    2888.532  0.78488704
    3365.619  0.76414823
    3885.442  0.74218142
    4447.069  0.71900588
    5048.863  0.69465545
    5688.440  0.66917943
    6362.635  0.64264321
    7067.497  0.61512849
    7798.281  0.58673333
    8549.477  0.55757164
    9314.849  0.52777233
   10087.494  0.49747809
   10859.924  0.46684370
   11624.165  0.43603399
   12371.869  0.40522151
   13094.443  0.37458393
   13783.179  0.34430122
   14429.392  0.31455290
   15024.562  0.28551512
   15560.459  0.25735796
   16029.271  0.23024296
   16423.705  0.20432082
   16737.088  0.17972951
   16963.434  0.15659275
   17097.501  0.13501890
   17134.826  0.11510024
   17071.734  0.09691269
   16905.343  0.08051587
   16635.129  0.06593758
   16267.225  0.05313125
   15809.827  0.04202231
   15271.767  0.03252307
   14662.449  0.02453403
   13991.785  0.01794514
   13270.130  0.01263724
   12508.215  0.00848339
   11717.081  0.00535020
   10908.024  0.00309907
   10092.532  0.00158740
    9282.234  0.00066966
    8488.856  0.00019832
    7724.179  0.00002477
    7000.000  0.00000000
    6325.011  0.00000000
    5696.117  0.00000000
    5108.629  0.00000000
    4559.225  0.00000000
    4045.687  0.00000000
    3566.659  0.00000000
    3121.422  0.00000000
    2709.681  0.00000000
    2331.376  0.00000000
    1986.498  0.00000000
    1674.940  0.00000000
    1396.365  0.00000000
    1150.114  0.00000000
     935.143  0.00000000
     750.005  0.00000000
     592.861  0.00000000
     461.527  0.00000000
     353.550  0.00000000
     266.297  0.00000000
     197.060  0.00000000
     143.153  0.00000000
     102.006  0.00000000
      71.240  0.00000000
      48.726  0.00000000
      32.611  0.00000000
      21.341  0.00000000
      13.645  0.00000000
       8.516  0.00000000
       5.185  0.00000000
       3.077  0.00000000
       1.778  0.00000000
       1.000  0.00000000
       0.000  0.00000000
