   384
  1.56767      1.56361      1.55954      1.55545      1.55137    
  1.54728      1.54319      1.53911      1.53502      1.53093    
  1.52685      1.52276      1.51867      1.51458      1.51050    
  1.50641      1.50232      1.49823      1.49414      1.49006    
  1.48597      1.48188      1.47779      1.47371      1.46962    
  1.46553      1.46144      1.45735      1.45327      1.44918    
  1.44509      1.44100      1.43691      1.43283      1.42874    
  1.42465      1.42056      1.41647      1.41239      1.40830    
  1.40421      1.40012      1.39604      1.39195      1.38786    
  1.38377      1.37968      1.37560      1.37151      1.36742    
  1.36333      1.35924      1.35516      1.35107      1.34698    
  1.34289      1.33880      1.33472      1.33063      1.32654    
  1.32245      1.31836      1.31428      1.31019      1.30610    
  1.30201      1.29792      1.29384      1.28975      1.28566    
  1.28157      1.27748      1.27340      1.26931      1.26522    
  1.26113      1.25705      1.25296      1.24887      1.24478    
  1.24069      1.23661      1.23252      1.22843      1.22434    
  1.22025      1.21617      1.21208      1.20799      1.20390    
  1.19981      1.19573      1.19164      1.18755      1.18346    
  1.17937      1.17529      1.17120      1.16711      1.16302    
  1.15893      1.15485      1.15076      1.14667      1.14258    
  1.13849      1.13441      1.13032      1.12623      1.12214    
  1.11805      1.11397      1.10988      1.10579      1.10170    
  1.09762      1.09353      1.08944      1.08535      1.08126    
  1.07718      1.07309      1.06900      1.06491      1.06082    
  1.05674      1.05265      1.04856      1.04447      1.04038    
  1.03630      1.03221      1.02812      1.02403      1.01994    
  1.01586      1.01177      1.00768      1.00359     0.999504    
 0.995416     0.991329     0.987241     0.983153     0.979065    
 0.974977     0.970889     0.966801     0.962713     0.958625    
 0.954537     0.950449     0.946361     0.942273     0.938185    
 0.934097     0.930009     0.925921     0.921833     0.917745    
 0.913657     0.909569     0.905482     0.901394     0.897306    
 0.893218     0.889130     0.885042     0.880954     0.876866    
 0.872778     0.868690     0.864602     0.860514     0.856426    
 0.852338     0.848250     0.844162     0.840074     0.835986    
 0.831898     0.827810     0.823723     0.819635     0.815547    
 0.811459     0.807371     0.803283     0.799195     0.795107    
 0.791019     0.786931     0.782843     0.778755     0.774667    
 0.770579     0.766491     0.762403     0.758315     0.754227    
 0.750139     0.746051     0.741963     0.737876     0.733788    
 0.729700     0.725612     0.721524     0.717436     0.713348    
 0.709260     0.705172     0.701084     0.696996     0.692908    
 0.688820     0.684732     0.680644     0.676556     0.672468    
 0.668380     0.664292     0.660204     0.656116     0.652029    
 0.647941     0.643853     0.639765     0.635677     0.631589    
 0.627501     0.623413     0.619325     0.615237     0.611149    
 0.607061     0.602973     0.598885     0.594797     0.590709    
 0.586621     0.582533     0.578445     0.574357     0.570269    
 0.566181     0.562094     0.558006     0.553918     0.549830    
 0.545742     0.541654     0.537566     0.533478     0.529390    
 0.525302     0.521214     0.517126     0.513038     0.508950    
 0.504862     0.500774     0.496686     0.492598     0.488510    
 0.484422     0.480334     0.476247     0.472159     0.468071    
 0.463983     0.459895     0.455807     0.451719     0.447631    
 0.443543     0.439455     0.435367     0.431279     0.427191    
 0.423103     0.419015     0.414927     0.410839     0.406751    
 0.402663     0.398575     0.394487     0.390400     0.386312    
 0.382224     0.378136     0.374048     0.369960     0.365872    
 0.361784     0.357696     0.353608     0.349520     0.345432    
 0.341344     0.337256     0.333168     0.329080     0.324992    
 0.320904     0.316816     0.312728     0.308640     0.304553    
 0.300465     0.296377     0.292289     0.288201     0.284113    
 0.280025     0.275937     0.271849     0.267761     0.263673    
 0.259585     0.255497     0.251409     0.247321     0.243233    
 0.239145     0.235057     0.230969     0.226881     0.222793    
 0.218705     0.214618     0.210530     0.206442     0.202354    
 0.198266     0.194178     0.190090     0.186002     0.181914    
 0.177826     0.173738     0.169650     0.165562     0.161474    
 0.157386     0.153298     0.149210     0.145122     0.141034    
 0.136946     0.132858     0.128771     0.124683     0.120595    
 0.116507     0.112419     0.108331     0.104243     0.100155    
 0.960669E-01 0.919789E-01 0.878910E-01 0.838030E-01 0.797151E-01
 0.756271E-01 0.715392E-01 0.674512E-01 0.633633E-01 0.592753E-01
 0.551874E-01 0.510994E-01 0.470115E-01 0.429235E-01 0.388356E-01
 0.347476E-01 0.306596E-01 0.265717E-01 0.224837E-01 0.183958E-01
 0.143078E-01 0.102199E-01 0.613193E-02 0.204398E-02
 jcap=   766 lonf=  1536 latg=   768 numreduce= 4
