2017 MONTHLY CO2 (PPMV)   24  12  LON/LAT (N-S/0-360E) IN 15 DEGREE RESOLUTION,  GLB ANNUAL MEAN = 406.02,  GROWTH RATE = 2.75,  MISS DATA = -99.99
 411.84 411.84 411.84 411.84 411.84 411.84 411.84 411.84 411.84 411.84 411.84 411.84 411.84 411.84 411.84 411.84 411.84 411.84 411.84 411.84 411.84 411.84 411.84 411.84
 412.51 414.54 416.07 415.06 412.57 410.80 410.55 411.68 412.23 412.21 411.96 411.67 411.53 411.09 410.94 412.20 413.14 413.79 412.56 411.15 409.80 409.00 409.19 409.82
 413.24 416.59 417.38 413.39 410.87 409.06 409.42 411.42 412.76 412.69 411.80 411.17 410.84 410.47 409.79 410.57 412.79 413.76 413.09 410.91 408.47 407.95 408.48 408.98
 411.92 417.41 416.82 412.83 409.65 408.01 409.89 412.21 414.22 412.11 410.78 409.68 409.35 408.87 408.31 409.18 410.06 411.98 411.41 409.18 407.08 406.67 407.40 407.41
 409.56 412.21 414.08 409.94 407.88 407.49 410.03 414.47 414.09 411.84 409.01 407.80 407.29 407.04 407.20 407.88 408.22 408.69 408.80 407.93 406.16 405.72 405.97 406.03
 406.11 408.00 408.37 407.56 406.18 406.43 409.45 410.62 411.31 407.54 405.86 405.10 405.12 405.54 406.28 406.81 406.39 406.36 406.63 406.69 405.85 404.92 404.76 404.94
 404.32 404.43 404.87 404.87 405.20 405.79 406.53 406.89 405.15 403.69 402.68 402.89 403.28 404.02 404.96 405.29 404.93 404.95 405.61 405.63 405.02 404.20 404.01 403.92
 403.10 403.24 403.39 403.71 404.02 404.24 404.44 403.24 401.56 400.37 400.84 401.45 402.05 402.80 403.61 403.94 403.83 403.81 404.10 404.25 403.85 403.70 403.53 403.36
 402.34 402.02 402.03 401.93 402.27 402.85 403.10 402.30 401.51 401.01 401.19 401.44 401.79 402.19 402.86 403.44 403.50 403.15 402.72 402.38 402.59 402.76 402.87 402.62
 401.48 401.20 400.84 400.78 401.01 401.39 401.49 401.24 401.15 401.15 401.29 401.45 401.65 401.99 402.52 403.04 402.99 402.20 401.40 401.17 401.35 401.73 401.94 401.89
 401.09 400.81 400.70 400.80 401.02 401.05 400.96 400.86 400.97 401.16 401.30 401.40 401.59 401.81 402.20 402.42 402.10 401.35 400.93 400.78 400.93 401.16 401.37 401.33
 401.17 401.17 401.17 401.17 401.17 401.17 401.17 401.17 401.17 401.17 401.17 401.17 401.17 401.17 401.17 401.17 401.17 401.17 401.17 401.17 401.17 401.17 401.17 401.17
 411.91 411.91 411.91 411.91 411.91 411.91 411.91 411.91 411.91 411.91 411.91 411.91 411.91 411.91 411.91 411.91 411.91 411.91 411.91 411.91 411.91 411.91 411.91 411.91
 413.07 415.00 416.43 415.95 413.50 411.08 410.14 410.87 411.43 411.61 411.50 411.28 411.21 410.92 410.93 411.59 412.31 412.78 412.17 411.37 410.61 410.11 410.21 410.88
 412.63 415.47 417.34 415.19 412.84 410.13 409.57 411.35 412.76 413.01 411.89 411.16 411.04 411.05 410.35 410.68 411.95 412.76 412.37 411.16 409.63 408.94 409.06 409.32
 411.09 416.31 417.70 415.83 412.61 410.37 410.78 412.52 414.48 412.90 411.32 410.24 410.26 410.00 409.28 409.55 410.04 411.22 411.04 410.01 408.50 407.89 407.99 407.97
 409.83 413.16 416.54 413.54 411.00 409.91 411.56 414.28 413.81 412.22 409.61 408.72 408.63 408.38 408.27 408.58 408.54 408.77 409.16 408.95 407.74 407.09 407.05 406.78
 406.94 409.50 410.74 410.16 408.14 407.98 409.87 410.46 410.45 407.51 406.31 405.91 406.28 406.83 407.26 407.28 406.37 406.42 407.13 407.77 407.10 406.20 405.83 405.93
 404.84 404.93 406.02 406.37 406.14 405.69 405.84 406.10 404.75 403.62 402.98 403.34 404.01 405.02 405.71 405.36 404.23 404.33 405.80 406.49 406.03 405.02 404.89 404.69
 403.12 402.92 403.46 404.35 404.31 403.64 403.23 402.45 401.40 400.61 400.98 401.65 402.47 403.45 403.89 403.30 402.53 402.66 403.70 404.59 404.39 404.23 404.18 403.87
 402.42 402.07 402.17 402.26 402.30 402.38 402.21 401.81 401.44 401.20 401.31 401.52 402.04 402.55 402.65 402.51 402.10 401.99 402.08 402.22 402.69 402.98 403.27 402.95
 401.62 401.31 400.97 400.78 400.83 401.02 401.17 401.10 401.19 401.33 401.45 401.59 401.81 402.19 402.25 402.16 401.85 401.32 400.89 400.84 401.16 401.69 401.99 401.98
 401.14 400.91 400.73 400.69 400.69 400.75 400.79 400.85 401.02 401.35 401.57 401.65 401.82 402.00 402.19 401.95 401.45 400.84 400.61 400.52 400.70 400.98 401.25 401.28
 401.11 401.11 401.11 401.11 401.11 401.11 401.11 401.11 401.11 401.11 401.11 401.11 401.11 401.11 401.11 401.11 401.11 401.11 401.11 401.11 401.11 401.11 401.11 401.11
 412.92 412.92 412.92 412.92 412.92 412.92 412.92 412.92 412.92 412.92 412.92 412.92 412.92 412.92 412.92 412.92 412.92 412.92 412.92 412.92 412.92 412.92 412.92 412.92
 413.88 415.98 417.52 417.27 414.89 412.80 412.26 413.22 413.93 413.59 412.63 411.72 411.49 411.28 411.39 412.31 413.19 413.71 413.07 412.05 411.02 410.29 410.63 411.63
 414.92 417.72 419.45 416.28 414.25 411.91 411.34 413.45 414.95 414.97 413.04 411.69 411.44 411.37 410.87 411.26 412.35 413.46 413.24 412.33 410.27 409.52 409.88 410.51
 414.02 420.57 420.38 417.38 414.03 412.27 412.71 414.28 416.60 414.79 412.91 411.43 411.05 410.73 410.02 410.19 410.18 411.40 412.19 411.16 409.44 408.81 409.12 409.43
 412.68 416.67 420.07 415.05 412.20 411.45 413.02 415.93 415.44 414.28 411.57 410.35 409.84 409.41 409.37 409.37 408.75 409.28 409.89 410.10 408.64 408.07 408.24 408.17
 408.14 411.46 412.69 411.80 408.72 408.03 409.56 410.75 411.48 409.29 408.20 407.53 407.47 407.93 408.32 408.11 406.89 406.85 407.84 408.55 407.94 406.96 406.64 406.74
 405.26 405.42 406.85 407.32 406.14 404.19 403.43 404.80 405.10 405.07 404.38 404.56 405.01 405.97 406.53 405.86 404.30 404.34 406.10 407.03 406.63 405.52 405.33 405.04
 403.16 402.98 403.85 405.09 404.21 401.97 400.58 400.86 401.35 401.66 402.02 402.59 403.27 404.14 404.37 403.29 402.16 402.29 403.66 404.91 404.85 404.61 404.47 404.04
 402.56 402.31 402.64 402.95 402.47 401.73 400.96 401.25 401.63 401.86 402.12 402.37 402.67 403.01 402.80 402.31 401.68 401.70 402.08 402.49 403.09 403.33 403.56 403.15
 401.94 401.75 401.58 401.39 401.14 401.07 401.26 401.44 401.59 401.79 401.99 402.23 402.42 402.53 402.30 401.96 401.58 401.28 401.09 401.17 401.55 402.04 402.28 402.23
 401.58 401.51 401.38 401.15 400.86 400.92 401.22 401.47 401.58 401.78 401.96 402.10 402.29 402.40 402.34 401.94 401.47 401.09 400.98 400.96 401.09 401.30 401.52 401.60
 401.49 401.49 401.49 401.49 401.49 401.49 401.49 401.49 401.49 401.49 401.49 401.49 401.49 401.49 401.49 401.49 401.49 401.49 401.49 401.49 401.49 401.49 401.49 401.49
 412.20 412.20 412.20 412.20 412.20 412.20 412.20 412.20 412.20 412.20 412.20 412.20 412.20 412.20 412.20 412.20 412.20 412.20 412.20 412.20 412.20 412.20 412.20 412.20
 412.56 413.95 414.09 413.60 412.46 412.76 413.23 413.87 414.33 414.16 413.63 412.90 412.44 411.93 411.41 411.17 411.33 412.00 412.00 411.66 410.90 410.52 410.72 411.16
 416.44 418.82 420.60 414.17 413.69 413.17 413.25 414.60 415.55 415.48 413.85 412.79 412.34 411.97 411.16 410.64 410.62 410.83 410.89 410.40 410.11 410.15 410.43 410.23
 416.69 427.68 424.45 418.62 414.80 414.76 414.57 415.38 416.65 415.25 413.41 412.02 411.81 411.54 410.91 410.42 409.73 409.65 409.44 409.58 409.31 409.71 410.01 409.49
 416.23 421.98 426.30 416.50 413.76 414.12 415.34 415.74 415.21 414.42 411.87 410.65 410.28 410.34 410.47 410.28 409.41 408.98 409.25 409.22 409.05 408.89 408.87 408.36
 409.24 414.17 415.09 413.40 409.90 410.84 411.85 412.31 412.44 411.27 409.63 408.15 407.84 408.50 409.33 409.13 408.06 408.00 408.71 409.13 408.20 407.08 406.63 406.99
 405.62 405.93 407.12 407.07 407.06 406.55 406.81 407.39 407.87 407.63 406.41 405.45 405.30 406.48 407.25 406.86 405.39 405.43 407.09 407.61 406.49 404.87 404.79 404.89
 403.38 403.37 404.03 404.94 404.93 404.22 403.79 403.89 403.78 403.88 403.98 403.79 403.87 404.59 405.10 404.18 403.15 403.26 404.43 405.11 404.28 403.69 403.74 403.81
 402.87 402.70 403.01 403.27 403.30 403.21 403.05 402.76 402.43 402.39 402.95 403.43 403.33 403.52 403.43 403.18 402.63 402.57 402.72 402.69 402.88 402.90 403.23 403.15
 402.35 402.26 402.16 402.07 401.98 402.05 402.26 402.26 402.23 402.26 402.61 402.96 403.16 402.95 402.85 402.73 402.48 402.09 401.79 401.73 401.93 402.27 402.48 402.51
 402.11 402.10 402.05 401.90 401.70 401.72 401.92 402.10 402.12 402.15 402.25 402.47 402.75 402.86 402.73 402.55 402.23 401.88 401.75 401.72 401.77 401.89 402.02 402.09
 402.08 402.08 402.08 402.08 402.08 402.08 402.08 402.08 402.08 402.08 402.08 402.08 402.08 402.08 402.08 402.08 402.08 402.08 402.08 402.08 402.08 402.08 402.08 402.08
 410.46 410.46 410.46 410.46 410.46 410.46 410.46 410.46 410.46 410.46 410.46 410.46 410.46 410.46 410.46 410.46 410.46 410.46 410.46 410.46 410.46 410.46 410.46 410.46
 410.00 410.00 409.97 409.63 410.12 411.21 411.91 412.46 412.65 412.77 412.79 412.65 412.50 412.24 411.14 408.68 407.16 407.54 408.71 409.82 410.11 409.94 409.46 409.20
 409.34 410.67 411.31 411.33 412.42 412.17 412.35 412.57 413.11 413.13 412.77 412.55 412.44 412.57 411.12 409.26 407.26 407.12 407.84 409.07 409.79 409.68 409.22 408.72
 409.67 411.76 413.66 414.55 414.42 414.72 413.96 413.81 413.42 412.95 412.26 411.67 411.79 411.73 411.14 409.88 408.58 407.94 408.38 409.45 409.63 409.59 409.26 408.77
 409.98 411.81 414.63 413.50 413.68 414.37 415.71 414.15 413.09 412.46 411.24 410.38 409.95 410.29 410.46 410.39 409.63 409.47 409.77 409.89 409.60 409.01 408.67 408.45
 408.39 410.64 410.85 409.78 409.21 411.33 412.40 412.02 411.06 410.38 409.29 408.07 407.76 408.40 409.40 409.20 408.50 408.69 409.46 409.68 408.50 407.23 406.70 407.21
 406.31 406.31 406.52 405.30 405.93 406.65 407.80 407.67 407.64 407.32 406.54 405.78 405.55 406.75 407.41 407.05 405.65 405.89 407.61 408.03 406.64 404.90 404.92 405.28
 404.23 404.06 403.92 403.88 404.11 404.48 404.76 404.65 404.25 404.25 404.47 404.32 404.41 405.00 405.44 404.38 403.30 403.51 404.83 405.51 404.49 403.74 403.96 404.33
 403.79 403.58 403.42 403.24 403.34 403.61 403.78 403.40 403.06 403.04 403.66 404.09 403.83 403.95 403.73 403.40 402.83 402.94 403.29 403.36 403.39 403.26 403.65 403.85
 403.24 403.11 402.88 402.74 402.69 402.74 402.75 402.67 402.72 402.93 403.37 403.64 403.68 403.30 403.11 402.95 402.82 402.68 402.62 402.63 402.76 402.94 403.12 403.28
 402.88 402.80 402.71 402.63 402.55 402.46 402.39 402.35 402.51 402.79 403.03 403.23 403.35 403.27 402.99 402.87 402.78 402.73 402.72 402.74 402.72 402.72 402.77 402.85
 402.75 402.75 402.75 402.75 402.75 402.75 402.75 402.75 402.75 402.75 402.75 402.75 402.75 402.75 402.75 402.75 402.75 402.75 402.75 402.75 402.75 402.75 402.75 402.75
 407.07 407.07 407.07 407.07 407.07 407.07 407.07 407.07 407.07 407.07 407.07 407.07 407.07 407.07 407.07 407.07 407.07 407.07 407.07 407.07 407.07 407.07 407.07 407.07
 406.48 406.97 407.84 407.82 407.37 407.02 407.50 408.50 409.11 409.02 408.78 408.69 409.04 408.96 407.60 404.61 402.50 402.18 403.53 405.43 406.47 406.71 406.02 405.78
 405.94 407.35 408.49 408.42 407.56 406.29 406.13 407.93 408.88 409.31 408.67 408.75 409.16 409.26 407.96 405.72 403.52 402.12 402.97 404.73 407.15 407.13 406.19 405.43
 406.78 408.67 410.31 410.38 407.83 405.19 404.72 406.61 408.90 409.44 409.00 408.88 409.19 409.11 408.60 407.21 406.32 405.02 404.42 406.52 407.84 407.85 406.91 406.27
 408.20 409.60 411.89 410.08 406.80 403.85 403.06 405.39 408.00 409.53 409.13 408.75 408.42 408.62 408.64 408.53 408.62 407.94 408.08 407.76 408.55 408.01 407.35 406.99
 407.90 409.72 409.48 407.87 404.66 402.28 401.81 403.52 405.95 408.02 408.16 407.41 407.21 407.61 408.25 407.94 407.66 408.08 408.48 408.62 407.81 407.21 406.69 406.99
 406.86 406.73 406.39 404.72 403.11 401.50 400.95 402.07 403.94 405.65 406.04 405.74 405.67 406.71 407.01 406.55 405.37 405.65 406.92 407.49 406.85 406.03 405.94 406.02
 405.19 404.96 404.32 403.78 402.79 401.66 400.94 401.60 402.86 403.92 404.42 404.49 404.76 405.31 405.57 404.50 403.51 403.76 404.72 405.49 405.39 405.27 405.36 405.42
 404.52 404.19 403.96 403.63 403.03 402.35 401.78 402.21 402.88 403.56 403.98 404.27 404.12 404.34 404.08 403.70 403.19 403.41 403.82 404.10 404.31 404.58 404.82 404.73
 403.76 403.62 403.48 403.46 403.21 402.88 402.62 402.67 403.11 403.60 404.03 404.05 403.95 403.64 403.47 403.32 403.27 403.47 403.63 403.72 403.78 403.89 403.96 403.99
 403.39 403.32 403.28 403.27 403.22 403.04 402.85 402.77 403.07 403.57 403.94 404.03 403.88 403.65 403.34 403.29 403.42 403.60 403.69 403.70 403.64 403.48 403.43 403.42
 403.41 403.41 403.41 403.41 403.41 403.41 403.41 403.41 403.41 403.41 403.41 403.41 403.41 403.41 403.41 403.41 403.41 403.41 403.41 403.41 403.41 403.41 403.41 403.41
 399.60 399.60 399.60 399.60 399.60 399.60 399.60 399.60 399.60 399.60 399.60 399.60 399.60 399.60 399.60 399.60 399.60 399.60 399.60 399.60 399.60 399.60 399.60 399.60
 401.43 399.81 398.01 396.80 398.12 399.79 401.00 401.26 401.88 402.26 402.91 402.57 401.91 401.07 400.60 398.81 397.64 397.38 398.53 400.01 400.98 401.50 401.19 401.18
 402.31 402.70 401.25 399.92 400.63 401.12 400.90 403.05 403.88 405.13 403.88 403.69 403.26 402.91 401.87 400.66 399.51 398.48 399.18 400.24 402.98 403.52 402.78 401.99
 403.77 404.57 404.67 403.72 402.55 401.43 401.17 403.18 406.83 406.82 405.66 404.91 404.72 404.36 403.89 402.66 403.12 402.32 400.90 402.76 404.82 405.49 404.70 403.55
 405.14 405.43 406.51 405.57 403.41 401.35 400.34 403.51 405.75 407.81 406.71 406.09 405.62 405.70 405.32 405.10 405.72 405.04 404.88 404.33 406.09 406.43 405.82 405.08
 406.18 406.85 406.62 405.91 403.12 400.49 399.69 401.61 404.20 406.33 406.77 406.10 405.96 406.17 406.27 405.62 405.26 405.48 405.51 405.77 405.87 406.21 406.07 406.05
 406.45 406.26 406.05 405.18 402.81 400.08 398.53 400.17 402.59 404.82 405.39 405.44 405.58 406.25 406.07 405.33 404.30 404.36 405.08 405.75 406.07 406.25 406.32 406.27
 405.63 405.31 404.83 404.50 402.82 400.49 398.99 400.16 402.40 403.94 404.41 404.59 404.93 405.35 405.34 404.32 403.46 403.56 404.15 404.95 405.59 406.02 406.22 406.08
 404.89 404.52 404.41 404.22 403.25 401.98 400.94 401.88 403.08 403.97 404.14 404.24 404.20 404.48 404.21 403.78 403.28 403.46 403.84 404.25 404.68 405.22 405.51 405.26
 404.16 404.05 403.98 403.99 403.68 403.22 402.98 403.18 403.66 403.99 404.13 404.05 403.95 403.79 403.66 403.48 403.39 403.63 403.80 403.92 404.07 404.33 404.50 404.47
 403.92 403.88 403.89 403.84 403.77 403.68 403.66 403.66 403.80 403.99 404.11 404.10 403.94 403.77 403.55 403.50 403.60 403.77 403.90 403.91 403.92 403.92 403.96 403.94
 403.84 403.84 403.84 403.84 403.84 403.84 403.84 403.84 403.84 403.84 403.84 403.84 403.84 403.84 403.84 403.84 403.84 403.84 403.84 403.84 403.84 403.84 403.84 403.84
 396.66 396.66 396.66 396.66 396.66 396.66 396.66 396.66 396.66 396.66 396.66 396.66 396.66 396.66 396.66 396.66 396.66 396.66 396.66 396.66 396.66 396.66 396.66 396.66
 398.14 398.01 397.59 397.28 398.85 399.76 399.23 397.79 397.82 398.83 400.06 399.74 398.32 397.09 397.69 397.62 397.13 396.17 396.15 396.64 397.25 397.43 397.04 397.22
 399.61 400.80 400.52 400.24 401.17 401.67 400.56 401.45 401.99 403.59 402.65 401.45 400.10 399.76 399.28 399.38 398.99 398.17 398.08 398.70 400.02 399.98 399.16 398.64
 401.17 402.87 403.97 403.93 402.65 400.95 400.88 402.30 406.04 406.47 404.66 402.56 401.77 401.46 401.38 400.80 401.65 401.43 400.50 401.45 402.54 402.60 401.61 400.69
 402.91 404.26 406.39 406.02 403.07 400.19 398.70 402.42 404.87 406.55 405.07 403.63 403.14 403.39 403.05 402.91 403.36 403.32 403.32 402.92 403.74 404.05 403.54 402.84
 404.74 406.04 406.76 406.45 402.88 399.00 397.98 400.12 403.02 404.33 404.52 404.07 404.50 404.77 404.67 403.91 403.58 403.72 403.57 403.65 403.86 404.58 404.76 404.58
 405.85 406.07 406.17 405.60 402.62 399.18 397.05 399.13 401.48 403.27 403.66 404.48 405.16 405.63 405.35 404.63 404.05 403.88 403.78 403.91 404.72 405.56 405.77 405.67
 405.65 405.47 405.03 404.72 402.76 399.93 398.08 399.43 401.68 403.06 403.62 404.20 404.84 405.15 405.22 404.70 404.29 404.05 403.78 404.01 404.95 405.74 406.05 405.91
 405.01 404.68 404.60 404.40 403.30 401.88 400.67 401.65 402.84 403.82 403.93 404.10 404.17 404.49 404.54 404.49 404.20 404.04 403.83 403.94 404.39 405.09 405.41 405.26
 404.38 404.32 404.22 404.22 403.95 403.58 403.35 403.52 403.93 404.13 404.17 404.01 403.93 403.90 404.05 404.16 404.15 404.01 403.89 403.79 404.02 404.36 404.66 404.66
 404.25 404.24 404.25 404.23 404.20 404.21 404.26 404.28 404.28 404.27 404.24 404.15 403.97 403.85 403.82 403.97 404.04 404.05 404.02 404.05 404.08 404.18 404.27 404.27
 404.18 404.18 404.18 404.18 404.18 404.18 404.18 404.18 404.18 404.18 404.18 404.18 404.18 404.18 404.18 404.18 404.18 404.18 404.18 404.18 404.18 404.18 404.18 404.18
 400.49 400.49 400.49 400.49 400.49 400.49 400.49 400.49 400.49 400.49 400.49 400.49 400.49 400.49 400.49 400.49 400.49 400.49 400.49 400.49 400.49 400.49 400.49 400.49
 402.74 403.45 402.97 401.29 401.72 402.27 401.88 400.93 400.85 401.76 402.63 402.61 401.80 401.16 401.55 402.21 402.74 402.46 401.39 400.28 399.86 399.90 399.92 400.27
 404.00 406.43 405.27 402.90 402.26 402.69 402.75 403.87 404.65 405.58 404.90 403.52 402.53 402.67 402.69 402.95 403.72 403.33 402.56 401.30 401.02 400.63 400.62 401.36
 404.62 406.25 406.84 404.83 402.20 399.72 402.65 405.15 408.69 407.66 405.66 403.40 402.79 402.83 403.25 403.57 403.86 403.83 402.61 402.12 401.88 401.68 401.53 402.04
 403.85 405.13 406.31 405.49 401.48 398.43 399.25 406.61 408.19 407.10 404.70 403.19 403.06 403.35 403.67 403.74 403.94 403.27 403.26 402.52 402.52 402.64 402.91 403.18
 404.42 405.26 405.96 405.52 401.79 397.29 398.82 402.54 406.43 404.90 403.81 403.44 404.01 404.33 404.30 404.05 403.80 403.83 403.37 403.22 403.19 403.98 404.39 404.23
 405.21 405.48 405.50 405.20 401.89 398.72 396.72 400.21 402.69 404.27 403.63 404.12 404.76 405.12 405.10 404.82 404.75 404.47 403.87 403.60 404.48 405.44 405.44 405.16
 405.35 405.39 405.05 404.78 402.63 399.56 397.55 399.25 401.93 403.61 403.89 404.17 404.52 404.80 405.19 405.34 405.39 404.95 404.12 403.95 404.96 405.71 405.76 405.47
 404.93 404.72 404.69 404.53 403.34 401.82 400.50 401.62 402.97 404.04 404.03 404.01 403.97 404.31 404.82 405.30 405.35 404.90 404.16 404.05 404.44 405.13 405.26 405.07
 404.47 404.41 404.35 404.37 404.12 403.73 403.47 403.64 404.05 404.27 404.23 404.00 403.82 403.84 404.36 404.93 405.11 404.65 404.22 403.90 404.16 404.43 404.70 404.69
 404.37 404.32 404.33 404.37 404.41 404.42 404.41 404.39 404.38 404.37 404.32 404.21 403.94 403.78 403.94 404.43 404.66 404.57 404.39 404.43 404.35 404.40 404.42 404.40
 404.34 404.34 404.34 404.34 404.34 404.34 404.34 404.34 404.34 404.34 404.34 404.34 404.34 404.34 404.34 404.34 404.34 404.34 404.34 404.34 404.34 404.34 404.34 404.34
 407.20 407.20 407.20 407.20 407.20 407.20 407.20 407.20 407.20 407.20 407.20 407.20 407.20 407.20 407.20 407.20 407.20 407.20 407.20 407.20 407.20 407.20 407.20 407.20
 409.02 409.50 408.21 406.19 406.03 406.71 407.24 407.49 407.82 408.16 408.35 408.39 408.33 408.27 408.42 410.33 411.44 411.08 408.47 406.36 405.59 405.51 405.87 406.59
 409.19 410.86 409.54 407.11 406.77 406.96 407.45 409.03 410.14 410.52 409.18 408.06 407.56 407.48 407.64 408.69 411.19 411.04 409.54 407.41 405.80 405.18 405.61 406.70
 407.82 409.22 409.72 408.19 407.07 406.43 407.60 409.17 411.45 410.45 408.54 406.79 406.21 406.10 406.24 407.55 408.25 409.36 408.40 406.89 405.49 404.65 404.91 405.60
 405.50 406.57 407.68 407.34 405.93 405.30 406.01 408.51 408.82 408.34 406.46 405.39 405.11 405.12 405.57 406.09 406.61 406.58 406.69 405.89 404.75 404.32 404.53 404.89
 405.09 405.61 406.22 406.07 404.25 402.51 402.84 404.35 405.81 405.45 405.06 404.73 404.86 405.05 405.26 405.52 405.45 405.45 405.20 405.00 404.65 404.88 405.16 404.98
 405.20 405.15 405.22 405.19 402.95 400.28 398.66 400.96 403.36 404.88 404.58 404.63 404.83 405.10 405.14 405.00 404.72 404.64 404.52 404.51 405.17 405.85 405.83 405.47
 405.05 404.88 404.84 404.93 403.02 400.01 398.10 399.95 402.74 404.55 404.46 404.33 404.35 404.56 404.70 404.47 404.22 404.07 403.86 404.21 405.23 405.95 405.98 405.53
 404.62 404.39 404.52 404.59 403.56 402.07 400.82 402.01 403.46 404.48 404.35 404.04 403.77 403.93 404.14 404.23 404.14 403.98 403.75 403.92 404.45 405.22 405.40 405.01
 404.29 404.22 404.26 404.35 404.12 403.72 403.52 403.75 404.17 404.44 404.36 403.98 403.59 403.47 403.71 403.98 404.10 403.99 403.87 403.71 404.05 404.45 404.77 404.63
 404.31 404.25 404.29 404.29 404.28 404.28 404.28 404.30 404.34 404.42 404.40 404.21 403.79 403.49 403.46 403.75 404.01 404.15 404.12 404.20 404.21 404.40 404.50 404.44
 404.22 404.22 404.22 404.22 404.22 404.22 404.22 404.22 404.22 404.22 404.22 404.22 404.22 404.22 404.22 404.22 404.22 404.22 404.22 404.22 404.22 404.22 404.22 404.22
 411.53 411.53 411.53 411.53 411.53 411.53 411.53 411.53 411.53 411.53 411.53 411.53 411.53 411.53 411.53 411.53 411.53 411.53 411.53 411.53 411.53 411.53 411.53 411.53
 413.43 415.37 415.18 412.64 410.79 410.65 411.69 413.11 413.85 413.56 412.79 411.72 410.89 410.16 410.73 413.38 414.80 414.46 412.14 410.35 409.68 409.16 408.98 409.72
 416.23 420.50 419.45 412.10 410.05 409.65 410.45 412.61 413.91 413.83 412.30 411.16 410.40 409.89 409.93 411.52 414.39 414.92 413.81 412.33 410.03 408.94 408.67 409.40
 415.45 422.74 419.86 412.66 409.38 409.17 410.47 412.05 413.86 412.30 410.65 409.35 409.00 408.71 408.66 410.05 411.27 413.34 413.64 411.79 409.78 408.32 408.06 408.29
 411.88 414.76 415.63 409.37 407.49 408.29 409.85 411.88 411.45 410.22 408.10 407.46 407.27 407.30 407.73 408.67 409.53 410.71 411.10 410.44 408.33 407.43 407.35 407.42
 407.24 408.50 408.41 407.36 405.65 405.76 407.02 408.10 408.59 407.35 406.54 406.17 406.10 406.37 406.92 407.52 407.63 407.88 408.17 407.94 407.20 406.73 406.71 406.53
 405.53 405.12 404.96 405.12 404.32 403.34 402.74 404.23 405.51 406.16 405.59 405.34 405.29 405.65 405.83 405.78 405.32 405.54 406.09 406.33 406.44 406.51 406.34 405.94
 405.06 404.93 404.97 405.15 404.09 402.36 401.29 402.38 403.96 405.13 404.88 404.62 404.49 404.74 404.78 404.19 403.65 403.74 404.07 404.75 405.55 406.03 406.00 405.56
 404.55 404.32 404.42 404.45 403.91 403.19 402.55 403.23 404.01 404.52 404.46 404.13 403.79 403.93 403.91 403.73 403.44 403.40 403.38 403.67 404.23 405.08 405.34 404.96
 404.14 404.08 404.02 404.01 403.87 403.77 403.79 403.97 404.16 404.35 404.31 403.97 403.57 403.40 403.44 403.47 403.46 403.40 403.34 403.23 403.62 404.13 404.55 404.46
 404.11 404.09 404.10 404.02 403.94 404.00 404.12 404.20 404.23 404.32 404.33 404.16 403.75 403.41 403.27 403.36 403.48 403.57 403.57 403.64 403.73 403.99 404.16 404.16
 403.98 403.98 403.98 403.98 403.98 403.98 403.98 403.98 403.98 403.98 403.98 403.98 403.98 403.98 403.98 403.98 403.98 403.98 403.98 403.98 403.98 403.98 403.98 403.98
 413.63 413.63 413.63 413.63 413.63 413.63 413.63 413.63 413.63 413.63 413.63 413.63 413.63 413.63 413.63 413.63 413.63 413.63 413.63 413.63 413.63 413.63 413.63 413.63
 413.87 415.32 415.47 413.57 411.82 412.21 414.32 416.78 417.78 416.87 414.85 413.36 413.08 412.96 412.46 412.83 413.32 413.82 413.27 412.39 411.71 411.22 411.20 411.49
 417.02 420.67 420.15 412.66 410.16 410.03 411.80 414.65 416.42 415.87 414.09 412.56 412.25 412.01 411.64 411.87 413.33 414.10 413.66 412.36 410.84 410.61 410.63 410.89
 417.17 424.82 420.95 412.95 408.72 407.86 409.00 411.46 413.86 413.95 412.58 411.27 410.73 410.52 410.40 411.30 411.78 413.03 412.84 411.17 409.97 409.74 410.05 410.00
 414.30 417.09 417.50 409.71 406.53 406.01 406.13 408.33 410.77 411.49 410.39 409.58 408.99 408.82 409.43 410.24 410.69 410.92 410.90 410.27 409.08 408.87 409.16 409.18
 408.34 409.75 409.39 408.07 405.35 403.62 402.95 404.91 407.29 408.65 408.38 407.90 407.43 407.67 408.27 408.84 408.52 408.52 408.82 408.96 408.52 407.96 407.77 407.57
 405.69 405.31 405.46 405.91 404.49 402.23 400.71 402.55 405.11 406.67 406.57 406.24 406.16 406.62 407.04 407.04 406.43 406.46 407.10 407.54 407.49 407.13 406.67 406.09
 404.77 404.74 405.04 405.54 404.24 401.90 400.43 401.79 403.77 405.22 405.05 404.97 404.98 405.39 405.73 405.40 404.94 404.80 404.96 405.32 405.93 406.20 405.97 405.38
 404.35 404.15 404.25 404.29 403.67 402.88 402.05 402.76 403.65 404.21 404.31 404.22 404.08 404.39 404.69 404.84 404.62 404.24 403.64 403.60 404.16 405.02 405.27 404.82
 404.01 403.89 403.71 403.59 403.53 403.54 403.59 403.73 403.85 404.01 404.02 403.88 403.70 403.68 404.07 404.38 404.34 403.74 403.24 402.91 403.33 403.92 404.40 404.31
 403.96 403.93 403.87 403.78 403.79 403.91 404.00 404.02 404.00 404.01 404.01 403.94 403.71 403.56 403.66 403.90 403.83 403.50 403.29 403.28 403.40 403.73 403.97 403.98
 403.81 403.81 403.81 403.81 403.81 403.81 403.81 403.81 403.81 403.81 403.81 403.81 403.81 403.81 403.81 403.81 403.81 403.81 403.81 403.81 403.81 403.81 403.81 403.81
