2020 MONTHLY CO2 (PPMV)   24  12  LON/LAT (N-S/0-360E) IN 15 DEGREE RESOLUTION,  GLB ANNUAL MEAN = 413.30,  GROWTH RATE = 2.68,  MISS DATA = -99.99
 418.18 418.18 418.18 418.18 418.18 418.18 418.18 418.18 418.18 418.18 418.18 418.18 418.18 418.18 418.18 418.18 418.18 418.18 418.18 418.18 418.18 418.18 418.18 418.18
 420.49 420.78 420.44 420.24 418.64 416.85 416.19 417.33 418.62 419.16 419.30 419.19 418.93 418.67 417.97 417.46 417.12 417.32 417.01 416.67 416.21 416.21 417.08 419.26
 422.76 427.60 419.48 419.08 418.35 416.78 416.71 417.80 419.21 419.59 419.08 418.62 417.99 417.38 416.84 416.40 417.31 417.54 417.15 415.64 415.61 415.94 417.14 420.14
 415.96 418.70 418.19 418.11 418.34 418.91 420.92 421.60 421.84 418.75 418.01 417.12 416.29 415.48 415.13 415.61 416.51 417.35 415.91 415.25 414.80 415.08 416.13 417.65
 415.10 415.48 416.08 415.92 417.10 419.54 424.15 434.25 420.79 418.21 415.06 415.32 414.30 413.43 413.22 414.16 415.24 414.91 415.41 414.54 414.20 413.83 415.04 414.54
 412.30 412.83 413.29 413.39 413.98 416.59 421.11 421.80 420.17 415.76 414.27 413.47 412.55 411.92 411.81 411.98 411.94 412.74 413.24 413.74 413.17 412.40 412.09 411.91
 410.35 410.40 411.03 411.40 411.57 411.88 419.82 413.69 413.56 413.16 411.90 411.35 411.04 410.96 410.59 409.87 409.75 410.35 411.44 412.00 411.83 411.17 410.74 410.27
 409.07 409.13 409.55 410.19 409.78 408.74 408.06 408.63 409.32 409.92 409.58 409.42 409.55 409.97 409.64 409.04 408.60 408.98 409.71 410.20 410.46 410.36 410.03 409.54
 408.61 408.41 408.57 408.69 408.64 408.55 408.27 408.34 408.48 408.43 408.35 408.18 408.43 408.87 409.06 408.83 408.61 408.69 408.82 409.10 409.20 409.45 409.46 409.00
 408.18 408.05 407.87 407.86 408.10 408.36 408.42 408.36 408.25 408.18 407.99 407.87 407.84 408.13 408.54 408.66 408.52 408.39 408.39 408.30 408.51 408.65 408.71 408.52
 408.12 408.02 408.38 408.10 408.35 408.48 408.41 408.31 408.21 408.09 408.00 407.92 407.81 407.89 408.14 408.35 408.25 408.05 407.85 407.83 407.94 408.20 408.32 408.23
 408.09 408.09 408.09 408.09 408.09 408.09 408.09 408.09 408.09 408.09 408.09 408.09 408.09 408.09 408.09 408.09 408.09 408.09 408.09 408.09 408.09 408.09 408.09 408.09
 420.55 420.55 420.55 420.55 420.55 420.55 420.55 420.55 420.55 420.55 420.55 420.55 420.55 420.55 420.55 420.55 420.55 420.55 420.55 420.55 420.55 420.55 420.55 420.55
 422.51 422.85 422.61 421.92 420.08 419.14 420.38 422.78 423.84 423.59 422.65 421.47 420.52 419.94 419.46 419.02 418.50 418.39 417.83 417.38 416.95 417.09 418.22 420.74
 420.53 422.90 421.30 419.72 417.83 416.68 417.75 420.50 422.42 422.56 421.67 420.58 419.67 419.17 418.58 418.05 418.52 418.30 417.50 415.90 415.93 416.42 418.01 418.98
 416.75 420.18 419.12 417.75 416.33 415.15 416.95 419.11 421.33 420.65 419.56 418.34 417.67 417.05 416.88 417.07 417.47 417.68 415.90 415.08 414.85 415.46 416.71 418.47
 415.79 415.93 416.52 415.80 415.20 415.09 417.04 421.70 418.45 418.28 416.24 415.93 415.09 414.67 414.56 415.31 415.87 415.10 415.22 414.47 414.40 414.23 414.88 414.92
 412.84 413.59 414.17 414.27 414.83 415.79 418.51 418.45 417.87 415.19 414.43 413.70 413.11 412.81 412.71 412.52 412.09 412.62 413.18 413.88 413.55 412.82 412.44 412.46
 410.83 411.22 412.31 413.02 414.74 416.90 419.76 417.26 414.65 412.65 411.99 411.50 411.36 411.50 411.04 409.92 409.51 410.21 411.55 412.37 412.07 411.20 410.76 410.46
 409.48 409.81 410.46 411.30 413.10 415.25 416.67 414.82 411.83 410.02 409.63 409.42 409.63 410.13 409.63 408.84 408.32 409.01 410.04 410.56 410.63 410.20 409.87 409.63
 409.11 409.03 409.09 409.17 410.39 412.04 413.08 411.51 409.90 408.49 408.39 408.13 408.36 408.81 408.91 408.69 408.63 408.94 409.16 409.43 409.35 409.41 409.41 409.24
 408.62 408.45 408.06 407.94 408.56 409.31 409.44 408.93 408.36 408.08 407.90 407.77 407.71 408.02 408.43 408.63 408.63 408.58 408.54 408.43 408.61 408.66 408.73 408.76
 408.33 408.22 408.11 408.28 408.69 408.66 408.27 407.92 407.91 407.90 407.88 407.81 407.68 407.76 408.06 408.38 408.30 408.07 407.80 407.73 407.88 408.17 408.33 408.35
 408.05 408.05 408.05 408.05 408.05 408.05 408.05 408.05 408.05 408.05 408.05 408.05 408.05 408.05 408.05 408.05 408.05 408.05 408.05 408.05 408.05 408.05 408.05 408.05
 419.95 419.95 419.95 419.95 419.95 419.95 419.95 419.95 419.95 419.95 419.95 419.95 419.95 419.95 419.95 419.95 419.95 419.95 419.95 419.95 419.95 419.95 419.95 419.95
 420.93 421.17 420.90 419.90 418.71 418.38 419.29 420.96 421.74 421.97 421.98 421.61 421.08 420.71 420.24 419.30 418.37 418.18 418.22 418.12 417.87 417.89 418.24 419.35
 421.64 423.40 420.54 419.13 418.38 417.54 418.27 420.07 421.70 422.10 421.58 420.98 420.38 420.12 419.45 418.46 418.07 417.74 417.21 416.37 416.60 416.98 417.61 421.09
 418.42 419.65 419.46 418.56 418.46 418.85 419.60 420.82 421.90 420.53 420.00 419.10 418.64 418.15 417.76 417.56 417.54 417.35 416.02 415.45 415.34 415.82 416.52 417.43
 416.15 416.55 417.17 417.06 418.20 419.69 421.96 428.05 420.63 418.97 416.49 416.83 416.30 415.77 415.46 416.13 416.49 416.06 415.98 415.25 414.92 414.65 415.83 415.27
 413.45 414.32 415.04 415.48 416.93 419.49 421.79 420.79 418.50 415.47 414.72 414.30 413.96 413.81 413.59 413.43 413.22 413.98 414.48 414.84 414.08 413.17 412.78 412.96
 411.28 411.79 413.16 414.15 416.05 417.95 422.57 417.71 414.71 412.43 411.86 411.62 411.71 412.16 411.89 410.91 410.55 411.35 412.63 413.17 412.53 411.52 411.09 410.88
 409.83 410.21 411.09 412.17 413.69 415.25 416.27 414.40 411.46 409.66 409.41 409.33 409.68 410.44 410.25 409.70 409.20 409.71 410.20 410.46 410.50 410.36 410.18 410.01
 409.46 409.41 409.54 409.67 410.71 412.11 412.94 411.39 409.73 408.38 408.30 408.11 408.37 409.02 409.43 409.53 409.46 409.30 408.79 408.54 408.85 409.36 409.66 409.59
 408.92 408.71 408.31 408.13 408.66 409.37 409.58 409.12 408.53 408.16 407.98 407.82 407.74 408.23 408.99 409.41 409.30 408.68 408.08 407.82 408.06 408.46 408.85 409.03
 408.49 408.38 408.23 408.37 408.67 408.72 408.51 408.29 408.23 408.11 408.01 407.90 407.75 407.94 408.49 408.97 408.68 408.14 407.82 407.70 407.89 408.14 408.38 408.48
 408.20 408.20 408.20 408.20 408.20 408.20 408.20 408.20 408.20 408.20 408.20 408.20 408.20 408.20 408.20 408.20 408.20 408.20 408.20 408.20 408.20 408.20 408.20 408.20
 419.63 419.63 419.63 419.63 419.63 419.63 419.63 419.63 419.63 419.63 419.63 419.63 419.63 419.63 419.63 419.63 419.63 419.63 419.63 419.63 419.63 419.63 419.63 419.63
 421.90 421.30 420.69 419.64 419.02 418.92 419.31 420.09 420.48 420.66 420.86 420.79 420.55 420.40 419.92 418.72 417.54 417.37 418.08 418.27 418.20 418.24 419.07 420.43
 420.21 418.90 421.05 419.85 419.54 418.91 419.19 420.17 420.97 421.15 420.67 420.41 420.03 419.76 419.13 417.84 416.65 416.20 416.16 416.44 417.12 417.79 419.04 421.25
 417.13 420.68 420.95 420.10 420.07 420.42 420.49 421.18 421.55 421.27 419.88 419.43 418.98 418.34 417.67 417.10 416.67 415.93 415.45 415.56 416.17 417.16 418.35 419.01
 417.19 417.40 418.10 417.74 418.98 420.61 422.49 426.40 420.51 419.34 417.37 417.82 417.23 416.33 415.66 416.21 416.36 416.41 416.25 415.94 416.04 416.11 416.88 416.53
 414.30 414.91 414.83 414.53 416.38 419.66 421.83 420.64 418.23 415.93 415.42 415.18 414.68 414.25 413.82 413.68 413.95 414.86 415.54 415.86 415.30 414.39 413.87 413.88
 411.85 411.86 412.24 412.09 414.58 417.53 423.70 417.81 414.62 412.32 412.03 412.03 412.05 412.38 412.09 411.40 411.16 412.12 413.53 414.26 413.60 412.46 411.84 411.42
 410.19 410.40 410.65 411.01 412.77 415.22 416.80 414.72 411.46 409.42 409.46 409.65 410.09 410.77 410.61 410.12 409.66 410.21 410.86 411.25 411.33 411.12 410.79 410.44
 409.84 409.75 409.72 409.64 410.67 412.26 413.43 411.85 409.92 408.50 408.52 408.59 408.99 409.59 409.97 410.07 410.02 409.81 409.32 409.11 409.45 409.98 410.20 410.00
 409.29 409.15 408.86 408.71 409.00 409.65 410.07 409.73 409.03 408.50 408.32 408.30 408.43 408.94 409.63 410.00 409.87 409.25 408.65 408.35 408.59 408.91 409.22 409.37
 408.83 408.77 408.69 408.69 408.75 408.88 409.01 409.06 408.88 408.56 408.33 408.28 408.30 408.62 409.19 409.60 409.30 408.77 408.46 408.39 408.43 408.51 408.62 408.75
 408.66 408.66 408.66 408.66 408.66 408.66 408.66 408.66 408.66 408.66 408.66 408.66 408.66 408.66 408.66 408.66 408.66 408.66 408.66 408.66 408.66 408.66 408.66 408.66
 418.66 418.66 418.66 418.66 418.66 418.66 418.66 418.66 418.66 418.66 418.66 418.66 418.66 418.66 418.66 418.66 418.66 418.66 418.66 418.66 418.66 418.66 418.66 418.66
 419.83 419.55 419.23 418.63 418.23 418.17 418.39 418.95 419.26 419.39 419.53 419.51 419.45 419.46 419.06 417.80 416.55 416.63 417.73 417.98 417.69 417.36 417.70 418.67
 417.36 420.50 419.78 419.10 419.40 418.82 418.71 419.06 419.69 419.88 419.42 419.27 419.14 419.20 418.42 416.74 415.07 415.02 415.69 416.62 416.91 417.11 417.69 417.61
 414.30 419.63 420.03 419.67 420.46 421.78 420.78 420.49 420.09 419.80 418.94 418.53 418.48 418.18 417.28 416.00 415.17 414.86 415.47 415.91 416.30 416.81 417.40 417.58
 416.99 417.07 417.60 416.95 419.33 422.13 423.86 418.70 418.51 418.88 417.32 417.35 416.84 416.43 415.41 415.59 415.59 416.56 416.61 416.61 416.37 416.18 417.11 416.06
 414.64 415.06 414.08 413.30 415.71 420.32 422.02 420.46 417.77 416.47 415.80 415.17 414.53 414.01 413.47 413.25 413.97 415.17 416.12 416.43 415.86 414.69 413.97 414.09
 412.42 412.09 411.59 410.47 413.14 416.37 418.42 417.17 415.08 413.43 413.05 412.54 412.16 412.21 411.64 411.16 411.04 412.30 413.84 414.88 414.13 412.86 412.20 411.83
 410.76 410.87 410.53 410.23 411.62 414.02 415.58 414.27 412.07 410.78 410.60 410.57 410.69 410.96 410.41 409.71 409.22 410.23 411.81 412.62 412.48 411.86 411.30 410.92
 410.32 410.16 410.02 409.76 410.55 411.87 412.93 411.83 410.53 409.50 409.59 409.67 410.00 410.16 410.07 409.78 409.77 410.25 410.82 411.28 411.13 411.03 410.78 410.44
 409.68 409.60 409.43 409.41 409.59 410.00 410.24 410.01 409.55 409.30 409.28 409.39 409.57 409.75 409.84 409.84 409.86 410.02 410.21 410.20 410.27 410.05 409.82 409.81
 409.26 409.25 409.24 409.30 409.34 409.37 409.36 409.33 409.29 409.24 409.23 409.27 409.39 409.56 409.71 409.77 409.72 409.65 409.46 409.44 409.34 409.26 409.15 409.17
 409.29 409.29 409.29 409.29 409.29 409.29 409.29 409.29 409.29 409.29 409.29 409.29 409.29 409.29 409.29 409.29 409.29 409.29 409.29 409.29 409.29 409.29 409.29 409.29
 414.69 414.69 414.69 414.69 414.69 414.69 414.69 414.69 414.69 414.69 414.69 414.69 414.69 414.69 414.69 414.69 414.69 414.69 414.69 414.69 414.69 414.69 414.69 414.69
 416.65 416.24 416.35 416.19 414.82 412.93 411.78 411.68 411.81 412.51 414.05 415.08 415.48 415.47 415.56 415.68 415.79 416.47 416.80 416.38 415.30 414.35 414.35 415.77
 416.70 431.80 416.67 416.03 414.71 412.81 412.11 412.89 413.12 413.78 414.08 415.26 415.65 415.94 415.58 415.01 414.81 415.62 416.48 416.45 415.27 414.23 414.82 416.15
 416.71 417.26 417.00 416.13 414.93 413.99 412.97 414.04 414.71 411.66 414.60 415.16 415.76 415.91 415.47 414.64 414.26 415.26 416.28 416.16 415.12 414.59 414.87 415.85
 415.94 415.83 416.05 414.85 414.78 414.67 414.98 406.30 416.28 415.70 415.94 415.08 415.03 415.41 414.77 414.49 414.50 415.84 416.34 416.28 415.37 414.75 415.71 414.88
 414.61 414.97 413.99 413.02 413.83 415.78 416.47 415.92 415.25 415.38 414.83 413.98 413.66 413.81 413.50 413.06 413.34 414.55 415.45 415.80 415.37 414.59 414.06 414.17
 413.26 412.94 412.41 411.31 413.27 415.88 417.85 416.31 414.74 413.48 413.13 412.35 411.95 412.31 411.95 411.41 411.20 412.17 413.40 414.34 414.33 413.80 413.28 412.82
 411.85 411.80 411.29 410.84 412.35 415.02 416.77 415.31 412.89 411.49 411.21 411.04 410.97 411.18 410.75 410.17 409.72 410.45 411.56 412.37 412.88 412.93 412.61 412.14
 411.23 410.95 410.67 410.30 411.19 412.65 413.78 412.54 411.24 410.23 410.38 410.48 410.63 410.65 410.44 410.17 410.13 410.43 410.77 411.17 411.35 411.66 411.75 411.44
 410.41 410.29 410.01 409.95 410.24 410.68 410.74 410.37 410.06 409.99 410.11 410.28 410.44 410.49 410.40 410.26 410.20 410.25 410.33 410.30 410.43 410.45 410.46 410.54
 409.88 409.88 409.85 409.98 410.16 410.04 409.74 409.50 409.63 409.85 410.02 410.13 410.28 410.40 410.40 410.28 410.10 409.97 409.81 409.79 409.75 409.69 409.67 409.75
 409.86 409.86 409.86 409.86 409.86 409.86 409.86 409.86 409.86 409.86 409.86 409.86 409.86 409.86 409.86 409.86 409.86 409.86 409.86 409.86 409.86 409.86 409.86 409.86
 408.44 408.44 408.44 408.44 408.44 408.44 408.44 408.44 408.44 408.44 408.44 408.44 408.44 408.44 408.44 408.44 408.44 408.44 408.44 408.44 408.44 408.44 408.44 408.44
 410.50 410.25 411.21 411.92 410.23 407.21 405.43 405.21 405.62 406.32 407.44 407.60 407.05 406.32 407.66 410.80 413.82 414.67 413.38 411.92 410.12 408.53 408.31 409.96
 411.66 411.26 411.18 411.43 409.79 407.22 405.41 406.34 407.00 408.40 408.52 408.99 408.75 408.53 409.64 412.36 414.90 416.02 415.99 414.53 411.52 408.92 409.06 410.45
 411.84 411.94 411.37 410.96 410.02 408.87 407.20 408.10 409.95 407.46 410.72 411.00 411.07 411.03 411.93 412.98 414.02 415.55 416.35 415.30 412.71 410.34 409.62 411.28
 412.43 412.01 411.67 411.17 411.19 410.78 410.35 410.95 414.86 413.09 414.09 412.84 412.77 413.09 413.29 413.05 413.31 414.10 414.64 414.60 412.99 411.64 412.58 411.53
 413.15 413.03 412.12 411.65 412.17 413.29 413.43 413.44 413.28 413.87 413.58 412.98 412.86 413.31 413.18 412.71 412.30 412.88 413.35 413.60 413.24 413.03 412.78 413.11
 413.56 413.25 412.65 411.85 412.97 414.50 415.61 414.46 413.35 412.49 412.37 411.97 411.94 412.44 412.38 411.69 411.34 411.88 412.58 413.05 413.38 413.61 413.60 413.42
 412.99 412.84 412.16 411.59 412.45 414.21 415.33 414.18 412.24 411.08 411.01 411.01 411.11 411.50 411.39 411.00 410.63 411.20 412.03 412.62 413.12 413.52 413.57 413.29
 412.15 411.75 411.43 410.99 411.50 412.51 413.22 412.19 411.11 410.42 410.51 410.58 410.71 410.89 410.94 410.83 410.79 411.18 411.64 412.09 412.20 412.48 412.66 412.39
 411.14 410.99 410.69 410.61 410.77 411.07 411.04 410.70 410.50 410.48 410.59 410.56 410.58 410.69 410.82 410.85 410.87 410.98 411.14 411.16 411.27 411.28 411.27 411.35
 410.59 410.56 410.52 410.60 410.75 410.62 410.33 410.12 410.24 410.48 410.62 410.64 410.60 410.63 410.73 410.82 410.80 410.74 410.62 410.60 410.55 410.49 410.45 410.49
 410.49 410.49 410.49 410.49 410.49 410.49 410.49 410.49 410.49 410.49 410.49 410.49 410.49 410.49 410.49 410.49 410.49 410.49 410.49 410.49 410.49 410.49 410.49 410.49
 404.26 404.26 404.26 404.26 404.26 404.26 404.26 404.26 404.26 404.26 404.26 404.26 404.26 404.26 404.26 404.26 404.26 404.26 404.26 404.26 404.26 404.26 404.26 404.26
 409.29 408.91 406.94 404.91 404.79 404.64 404.21 403.66 403.95 404.46 404.96 404.57 403.72 402.85 404.19 407.53 410.74 410.80 408.32 406.78 405.50 404.42 404.12 406.31
 411.36 412.24 409.45 406.60 406.59 406.26 404.88 405.11 405.70 407.07 406.75 406.25 405.72 405.49 406.67 409.99 413.14 413.94 412.66 410.19 407.32 405.02 405.22 407.36
 410.78 411.78 410.55 408.57 408.33 408.47 407.34 407.37 409.18 409.68 409.09 408.59 408.48 408.51 409.67 411.14 412.89 414.29 413.99 411.91 409.13 406.79 406.02 408.04
 409.81 409.94 410.01 409.96 410.54 410.70 410.38 412.40 413.02 411.66 411.74 410.72 410.84 411.22 411.71 411.65 412.18 412.41 412.15 411.57 410.02 408.83 409.05 408.72
 411.18 411.32 411.30 411.60 412.06 412.93 413.22 413.14 412.59 412.18 411.87 411.70 411.96 412.39 412.34 412.10 411.58 411.48 411.26 411.24 411.27 411.55 411.36 411.36
 412.70 412.76 412.63 412.55 413.13 413.97 414.55 413.65 412.45 411.53 411.55 411.77 412.10 412.34 412.30 411.77 411.43 411.57 411.66 411.94 412.75 413.59 413.48 412.99
 412.91 412.82 412.43 412.18 412.69 413.71 414.33 413.39 411.88 410.94 411.12 411.40 411.70 411.95 411.85 411.59 411.35 411.67 412.16 412.68 413.44 414.10 414.03 413.40
 412.19 411.87 411.76 411.53 411.86 412.49 412.89 412.12 411.30 410.88 411.00 411.08 411.23 411.41 411.50 411.44 411.38 411.71 412.14 412.61 412.79 413.10 413.12 412.59
 411.40 411.29 411.14 411.12 411.21 411.39 411.37 411.08 410.99 411.07 411.22 411.12 411.04 411.14 411.29 411.37 411.38 411.51 411.68 411.69 411.82 411.85 411.80 411.71
 411.07 411.06 411.06 411.08 411.12 411.00 410.79 410.66 410.82 411.13 411.32 411.31 411.16 411.09 411.16 411.30 411.35 411.36 411.28 411.29 411.20 411.11 411.03 411.02
 411.08 411.08 411.08 411.08 411.08 411.08 411.08 411.08 411.08 411.08 411.08 411.08 411.08 411.08 411.08 411.08 411.08 411.08 411.08 411.08 411.08 411.08 411.08 411.08
 408.80 408.80 408.80 408.80 408.80 408.80 408.80 408.80 408.80 408.80 408.80 408.80 408.80 408.80 408.80 408.80 408.80 408.80 408.80 408.80 408.80 408.80 408.80 408.80
 409.12 409.15 407.96 407.19 408.22 410.57 413.40 415.31 416.04 413.93 410.14 407.63 407.52 407.85 408.39 409.72 410.60 409.62 407.06 406.11 406.10 406.36 406.49 407.69
 410.60 410.61 409.59 408.62 409.02 410.13 411.27 412.84 413.38 411.91 409.28 407.61 408.06 408.64 409.15 410.59 412.36 412.19 410.18 407.79 407.11 407.03 407.68 408.82
 410.18 410.81 410.64 410.17 409.81 409.46 410.15 410.79 411.86 410.67 409.44 408.70 409.02 409.56 410.17 410.95 412.14 412.84 411.19 409.10 408.13 408.13 408.44 409.31
 409.88 410.34 410.90 411.19 411.00 410.46 410.42 411.62 411.52 410.93 410.09 409.84 410.09 410.67 411.11 411.11 411.64 411.33 410.38 409.24 408.99 409.39 409.75 409.73
 411.13 411.40 411.78 412.04 412.62 413.14 414.09 413.33 412.65 411.18 410.85 410.71 411.07 411.55 411.70 411.73 411.38 410.89 410.10 409.78 410.47 411.63 411.88 411.40
 412.47 412.75 412.66 412.53 413.98 416.20 417.66 415.83 413.09 411.16 411.08 411.27 411.59 411.83 411.99 411.79 411.61 411.25 410.68 411.03 412.69 414.19 413.73 412.84
 413.02 413.11 412.68 412.28 413.76 416.35 418.02 416.07 413.05 411.09 411.20 411.35 411.54 411.74 411.84 411.88 411.84 411.57 411.17 411.75 413.62 414.75 414.37 413.42
 412.54 412.33 412.10 411.77 412.62 414.08 415.18 413.78 412.22 411.24 411.32 411.30 411.33 411.50 411.70 411.81 411.77 411.59 411.39 411.77 412.57 413.48 413.41 412.86
 411.89 411.77 411.53 411.44 411.67 412.13 412.23 411.81 411.46 411.41 411.57 411.46 411.30 411.39 411.64 411.77 411.70 411.50 411.32 411.22 411.51 411.85 412.08 412.10
 411.46 411.45 411.39 411.44 411.53 411.46 411.24 411.07 411.20 411.51 411.71 411.69 411.50 411.41 411.53 411.66 411.58 411.45 411.37 411.37 411.32 411.29 411.31 411.39
 411.41 411.41 411.41 411.41 411.41 411.41 411.41 411.41 411.41 411.41 411.41 411.41 411.41 411.41 411.41 411.41 411.41 411.41 411.41 411.41 411.41 411.41 411.41 411.41
 412.97 412.97 412.97 412.97 412.97 412.97 412.97 412.97 412.97 412.97 412.97 412.97 412.97 412.97 412.97 412.97 412.97 412.97 412.97 412.97 412.97 412.97 412.97 412.97
 416.88 416.73 415.23 413.98 413.91 414.55 415.21 415.67 415.80 415.07 413.75 413.02 413.22 413.41 413.01 412.40 411.88 411.50 410.60 410.60 410.87 411.30 411.98 414.51
 418.42 418.45 416.24 414.38 414.40 414.64 415.03 415.36 415.47 414.66 413.39 412.67 412.96 413.41 412.74 412.29 412.74 412.83 412.08 410.94 411.24 411.66 413.04 415.37
 416.05 416.85 416.05 414.86 414.85 415.19 415.87 415.90 415.73 414.01 412.84 412.12 412.28 412.53 412.32 412.26 412.84 413.39 412.14 411.33 411.25 411.85 412.86 414.35
 412.89 413.34 414.09 414.18 415.19 416.13 417.49 417.54 415.56 413.46 412.07 411.64 411.66 411.86 412.00 412.17 412.62 412.20 411.64 410.81 411.08 411.68 412.42 412.53
 412.55 412.82 413.28 413.55 415.14 417.56 419.69 418.06 415.70 412.52 411.77 411.57 411.73 412.01 412.10 412.23 412.01 411.72 411.07 410.76 411.17 412.19 412.77 412.58
 413.07 413.18 413.11 412.98 415.29 418.51 420.74 418.45 414.73 412.06 411.66 411.75 412.00 412.18 412.27 412.05 411.94 411.72 411.28 411.30 412.28 413.42 413.51 413.19
 413.16 413.19 412.84 412.59 414.45 417.49 419.47 417.23 413.78 411.56 411.58 411.67 411.82 412.02 412.10 412.09 412.03 411.83 411.45 411.71 412.86 413.74 413.78 413.39
 412.55 412.31 412.18 411.94 413.04 414.78 416.11 414.53 412.74 411.47 411.49 411.50 411.56 411.75 411.92 412.01 411.97 411.81 411.58 411.75 412.25 412.92 413.05 412.76
 411.85 411.77 411.58 411.56 411.89 412.48 412.68 412.25 411.71 411.48 411.51 411.50 411.45 411.60 411.82 411.95 411.89 411.66 411.49 411.38 411.57 411.82 412.02 412.07
 411.53 411.55 411.53 411.61 411.74 411.73 411.56 411.42 411.43 411.52 411.57 411.57 411.50 411.54 411.70 411.82 411.71 411.54 411.46 411.45 411.42 411.39 411.42 411.47
 411.54 411.54 411.54 411.54 411.54 411.54 411.54 411.54 411.54 411.54 411.54 411.54 411.54 411.54 411.54 411.54 411.54 411.54 411.54 411.54 411.54 411.54 411.54 411.54
 418.60 418.60 418.60 418.60 418.60 418.60 418.60 418.60 418.60 418.60 418.60 418.60 418.60 418.60 418.60 418.60 418.60 418.60 418.60 418.60 418.60 418.60 418.60 418.60
 421.91 422.22 422.38 422.41 420.73 419.41 419.91 421.59 422.30 421.68 420.31 418.77 417.69 416.86 416.47 416.06 415.87 415.60 414.78 414.59 414.55 415.04 416.67 420.03
 423.30 422.18 420.94 420.17 418.74 417.55 417.94 419.49 420.54 420.09 419.15 418.14 417.37 416.88 416.22 416.05 416.72 416.64 415.85 414.40 414.54 414.70 416.95 420.58
 420.58 420.50 418.80 417.85 417.46 417.04 417.98 418.65 419.20 417.79 417.13 416.36 416.01 415.44 415.28 415.63 416.54 416.78 415.05 414.50 414.14 414.12 415.57 418.94
 417.07 416.82 416.51 415.92 416.43 417.25 418.98 419.77 417.93 416.03 414.90 414.61 414.29 413.74 413.87 414.74 415.57 414.60 414.31 413.49 413.47 413.25 414.06 415.28
 414.56 414.89 414.68 414.49 415.75 417.78 420.21 419.09 417.16 414.07 413.55 413.49 413.29 412.96 413.19 413.82 413.89 413.74 413.20 412.94 412.64 412.95 413.36 414.00
 413.29 413.20 413.45 413.52 415.45 418.11 419.98 418.38 415.39 413.19 412.75 412.72 412.79 412.76 412.97 413.05 413.10 412.90 412.61 412.41 412.58 412.95 413.22 413.21
 412.65 412.51 412.59 412.86 414.52 416.88 418.41 416.67 413.96 412.21 412.04 411.98 412.10 412.49 412.83 412.90 412.56 412.01 411.74 411.88 412.32 412.82 413.07 413.00
 412.15 411.92 411.98 412.01 413.04 414.47 415.53 414.25 412.81 411.65 411.55 411.37 411.51 411.92 412.56 412.53 411.93 411.29 411.17 411.42 411.73 412.26 412.55 412.41
 411.67 411.62 411.52 411.53 411.90 412.41 412.57 412.23 411.72 411.40 411.26 411.19 411.18 411.41 411.89 412.03 411.61 411.21 411.20 411.20 411.37 411.63 411.84 411.85
 411.54 411.56 411.58 411.65 411.81 411.79 411.61 411.45 411.39 411.30 411.22 411.18 411.15 411.16 411.39 411.48 411.45 411.31 411.33 411.38 411.37 411.43 411.47 411.50
 411.43 411.43 411.43 411.43 411.43 411.43 411.43 411.43 411.43 411.43 411.43 411.43 411.43 411.43 411.43 411.43 411.43 411.43 411.43 411.43 411.43 411.43 411.43 411.43
 419.36 419.36 419.36 419.36 419.36 419.36 419.36 419.36 419.36 419.36 419.36 419.36 419.36 419.36 419.36 419.36 419.36 419.36 419.36 419.36 419.36 419.36 419.36 419.36
 423.60 423.35 422.07 420.64 419.33 418.72 418.95 419.88 420.26 420.52 420.66 420.33 419.58 419.01 418.61 418.49 418.62 418.66 417.86 417.53 417.49 418.13 419.37 421.71
 424.45 424.47 422.45 420.20 418.74 417.77 418.39 419.73 420.79 420.89 420.56 419.91 419.02 418.43 418.06 418.20 419.49 419.65 418.82 416.88 416.91 417.44 418.96 421.46
 421.88 422.71 421.65 419.67 418.35 417.45 419.92 421.38 422.33 420.01 419.26 418.28 417.53 416.84 416.86 417.61 418.81 419.39 417.41 416.44 416.03 416.30 417.45 419.77
 417.68 417.73 418.09 417.25 417.24 418.03 421.74 424.71 421.88 418.63 417.03 416.38 415.70 415.03 415.25 416.26 417.29 416.12 416.05 415.22 415.23 415.05 415.63 416.23
 414.49 414.91 414.87 414.47 416.06 418.99 424.00 423.23 421.07 416.07 415.08 414.69 414.19 413.83 414.28 414.98 414.86 414.72 414.44 414.56 414.23 414.02 414.00 414.20
 412.78 412.63 412.78 412.62 415.46 419.84 423.02 421.37 417.40 414.49 413.50 413.13 412.98 413.14 413.64 413.78 413.73 413.54 413.58 413.61 413.40 413.09 412.97 412.67
 412.21 412.14 412.05 412.08 414.48 418.16 420.58 418.34 414.80 412.55 412.08 411.77 411.83 412.44 413.14 413.36 412.85 412.15 412.12 412.27 412.34 412.45 412.48 412.41
 411.86 411.67 411.54 411.39 412.85 415.02 416.68 415.03 413.14 411.52 411.26 410.91 411.00 411.56 412.52 412.58 411.73 410.93 410.84 411.15 411.39 411.84 412.11 412.04
 411.54 411.46 411.23 411.14 411.64 412.42 412.76 412.36 411.63 411.12 410.83 410.67 410.59 410.84 411.50 411.70 411.19 410.72 410.76 410.80 411.01 411.34 411.66 411.69
 411.47 411.46 411.41 411.45 411.64 411.69 411.53 411.37 411.21 410.98 410.81 410.71 410.60 410.56 410.80 410.92 410.97 410.86 410.93 410.99 411.08 411.29 411.45 411.48
 411.17 411.17 411.17 411.17 411.17 411.17 411.17 411.17 411.17 411.17 411.17 411.17 411.17 411.17 411.17 411.17 411.17 411.17 411.17 411.17 411.17 411.17 411.17 411.17
