2019 MONTHLY CO2 (PPMV)   24  12  LON/LAT (N-S/0-360E) IN 15 DEGREE RESOLUTION,  GLB ANNUAL MEAN = 410.29,  GROWTH RATE = 2.54,  MISS DATA = -99.99
 416.57 416.57 416.57 416.57 416.57 416.57 416.57 416.57 416.57 416.57 416.57 416.57 416.57 416.57 416.57 416.57 416.57 416.57 416.57 416.57 416.57 416.57 416.57 416.57
 416.61 418.58 419.60 418.51 416.58 415.22 415.18 416.21 416.71 417.11 416.86 416.12 415.25 415.06 415.39 416.96 418.15 418.72 417.71 416.47 415.43 414.93 414.93 414.65
 415.28 419.20 417.79 416.57 415.04 414.16 414.53 415.71 416.86 417.16 416.50 415.51 414.90 414.81 415.26 415.99 417.93 418.67 418.10 416.86 414.94 414.76 414.16 414.04
 413.63 413.61 414.08 413.02 413.89 414.87 415.66 416.43 417.12 416.40 415.43 414.72 414.15 413.66 413.60 414.60 415.01 416.53 416.54 415.26 414.61 413.91 413.30 412.81
 411.42 410.69 409.51 410.52 412.34 414.49 416.46 436.35 417.43 415.46 413.08 413.61 413.02 411.68 411.38 411.89 412.53 412.85 413.44 413.92 412.84 412.41 411.71 411.52
 409.48 408.63 408.65 409.21 410.55 411.68 412.76 413.33 413.47 412.10 411.68 411.49 410.99 410.04 409.49 409.61 409.65 410.29 411.06 411.55 411.01 409.85 409.43 409.51
 407.74 407.77 408.55 409.56 409.15 407.90 407.08 408.24 408.96 409.25 408.90 409.04 409.05 408.90 408.65 408.21 408.24 408.69 409.46 409.51 408.63 407.62 407.54 407.68
 406.83 406.97 407.68 408.55 407.76 405.89 404.68 405.25 406.21 406.82 406.95 407.20 407.71 408.09 408.03 407.81 407.60 407.66 407.67 407.36 406.86 406.55 406.66 406.88
 406.72 406.72 406.80 406.95 406.63 406.15 405.50 405.84 406.37 406.61 406.60 406.59 406.90 407.38 407.74 407.75 407.54 407.08 406.37 405.94 405.92 406.16 406.53 406.74
 406.56 406.41 406.13 405.97 406.11 406.22 406.10 406.04 406.11 406.11 405.99 406.11 406.36 406.87 407.45 407.60 407.25 406.48 405.88 405.59 405.74 406.03 406.37 406.54
 406.35 406.26 405.65 406.18 406.39 406.40 406.15 405.95 405.89 405.80 405.75 405.80 406.03 406.50 407.00 407.17 406.64 406.01 405.72 405.64 405.81 406.07 406.30 406.37
 406.10 406.10 406.10 406.10 406.10 406.10 406.10 406.10 406.10 406.10 406.10 406.10 406.10 406.10 406.10 406.10 406.10 406.10 406.10 406.10 406.10 406.10 406.10 406.10
 416.95 416.95 416.95 416.95 416.95 416.95 416.95 416.95 416.95 416.95 416.95 416.95 416.95 416.95 416.95 416.95 416.95 416.95 416.95 416.95 416.95 416.95 416.95 416.95
 418.50 419.45 419.45 418.30 416.64 415.70 415.82 416.99 417.55 417.74 417.73 417.33 416.77 416.18 415.87 416.03 416.31 416.76 416.67 416.38 416.30 416.58 417.07 417.10
 418.43 428.10 419.25 417.81 416.78 415.19 415.25 416.50 417.76 417.99 417.49 416.89 416.28 415.84 415.61 415.61 416.47 417.41 417.24 416.77 415.67 416.27 416.32 416.93
 417.01 418.19 418.85 418.35 417.30 416.77 416.94 417.76 418.32 417.90 416.25 415.42 414.87 414.17 414.22 414.80 415.14 416.48 416.67 415.57 415.32 415.12 415.13 415.33
 414.64 416.50 418.53 417.47 416.65 416.52 418.36 424.65 417.11 415.70 413.39 413.58 412.88 411.98 412.10 412.95 413.60 413.89 414.43 414.65 413.54 413.39 413.11 413.22
 411.82 414.09 415.58 415.08 413.20 413.23 414.45 415.15 414.58 413.01 412.14 411.58 410.88 410.29 410.68 411.53 412.00 412.50 412.77 412.65 411.78 410.80 410.64 410.66
 409.50 410.18 411.64 411.66 410.41 408.51 407.88 409.18 410.31 410.77 410.08 409.51 409.23 409.36 410.05 410.65 411.00 410.98 410.84 410.45 409.55 408.74 408.69 408.71
 407.55 407.58 408.12 408.90 407.97 406.01 404.77 405.86 407.38 408.49 408.10 407.86 407.92 408.54 409.55 410.14 409.54 408.44 408.20 408.10 407.70 407.63 407.79 407.83
 407.16 407.01 407.06 407.11 406.63 406.01 405.31 405.91 406.69 406.95 406.92 406.82 407.06 407.67 408.87 408.85 407.48 406.15 405.96 406.28 406.43 406.88 407.30 407.35
 406.68 406.48 406.15 405.93 405.87 405.87 405.86 406.01 406.19 406.26 406.12 406.24 406.49 406.91 407.66 407.54 406.46 405.65 405.71 405.82 405.98 406.31 406.64 406.78
 406.33 406.21 406.04 405.96 405.95 405.98 405.94 405.89 405.89 405.86 405.84 405.92 406.14 406.44 406.74 406.46 406.08 405.71 405.84 405.88 405.97 406.12 406.28 406.35
 406.01 406.01 406.01 406.01 406.01 406.01 406.01 406.01 406.01 406.01 406.01 406.01 406.01 406.01 406.01 406.01 406.01 406.01 406.01 406.01 406.01 406.01 406.01 406.01
 417.56 417.56 417.56 417.56 417.56 417.56 417.56 417.56 417.56 417.56 417.56 417.56 417.56 417.56 417.56 417.56 417.56 417.56 417.56 417.56 417.56 417.56 417.56 417.56
 419.05 419.35 419.39 418.37 417.03 416.24 416.31 417.31 417.81 418.25 418.71 418.56 417.93 417.17 417.13 418.11 418.83 418.97 417.89 416.94 416.52 416.69 417.24 417.66
 418.95 432.30 419.72 418.34 417.38 415.75 415.79 417.09 418.28 418.70 418.44 418.04 417.31 416.91 416.93 417.52 418.86 418.91 418.05 417.06 416.14 416.34 416.60 417.39
 417.86 419.45 420.35 419.75 418.01 416.75 415.99 416.94 417.77 419.42 416.90 415.95 415.48 414.87 415.33 416.40 416.73 417.13 416.64 416.02 415.66 415.27 415.37 415.80
 415.68 418.03 420.84 419.26 417.25 415.63 415.81 424.20 418.21 415.80 414.03 413.77 413.01 412.43 412.88 413.99 414.46 414.05 414.53 414.76 414.26 413.85 413.59 413.77
 412.87 415.88 417.48 416.59 413.41 411.91 411.22 412.10 412.63 413.17 412.65 411.89 411.20 410.68 411.29 412.28 412.90 413.21 413.25 413.33 413.20 412.48 411.90 411.32
 410.34 411.19 412.70 412.32 410.33 407.28 405.95 407.49 409.79 411.01 410.67 410.03 409.79 409.90 410.67 411.45 411.88 411.75 411.37 411.38 411.66 411.23 410.17 409.36
 408.03 408.04 408.50 409.20 407.88 405.35 403.75 405.28 407.45 408.97 408.43 408.13 408.24 409.04 410.25 410.97 410.35 408.99 408.57 408.88 409.33 409.29 408.87 408.31
 407.50 407.31 407.39 407.43 406.68 405.69 404.76 405.68 406.80 407.23 407.09 406.74 406.96 407.82 409.43 409.56 408.05 406.44 406.07 406.56 406.83 407.31 407.71 407.69
 406.86 406.67 406.40 406.18 405.93 405.75 405.82 406.15 406.42 406.57 406.36 406.26 406.26 406.74 407.86 408.02 406.90 405.86 405.80 405.81 405.95 406.33 406.73 406.99
 406.45 406.36 406.20 406.04 405.87 405.91 406.04 406.16 406.21 406.23 406.22 406.18 406.14 406.23 406.65 406.63 406.37 405.93 406.01 406.06 406.11 406.24 406.38 406.46
 406.14 406.14 406.14 406.14 406.14 406.14 406.14 406.14 406.14 406.14 406.14 406.14 406.14 406.14 406.14 406.14 406.14 406.14 406.14 406.14 406.14 406.14 406.14 406.14
 418.69 418.69 418.69 418.69 418.69 418.69 418.69 418.69 418.69 418.69 418.69 418.69 418.69 418.69 418.69 418.69 418.69 418.69 418.69 418.69 418.69 418.69 418.69 418.69
 417.10 417.85 419.39 419.89 419.03 418.14 418.13 418.95 419.39 419.54 419.58 419.40 419.08 418.63 418.14 418.03 418.26 418.95 419.06 418.65 417.86 417.43 417.46 416.95
 416.10 433.10 418.06 418.93 418.63 417.50 417.45 418.43 419.33 419.53 419.17 418.79 418.39 418.08 417.63 417.37 417.72 418.68 418.96 418.77 417.53 417.41 416.92 416.57
 415.80 416.34 417.82 418.88 418.50 417.99 417.35 417.84 418.35 418.89 417.75 417.12 416.77 416.06 415.86 416.05 416.18 417.02 417.73 417.45 417.17 416.61 416.16 415.64
 415.02 416.58 418.75 418.05 416.92 416.17 416.40 420.00 417.69 416.53 415.13 415.06 414.30 413.38 413.12 414.08 414.62 415.11 415.39 416.06 415.62 415.22 414.51 414.18
 412.41 414.73 416.05 415.28 412.61 411.40 410.77 411.79 412.55 413.40 413.13 412.64 411.87 410.99 411.46 412.86 414.33 414.75 414.64 414.43 414.55 413.56 412.40 411.32
 409.65 410.49 411.77 411.34 409.22 406.09 404.73 406.48 408.94 410.45 410.37 410.16 409.87 409.83 410.59 412.28 413.33 413.41 412.58 412.58 412.89 411.97 410.01 408.67
 407.56 407.77 408.19 408.70 407.12 404.33 402.53 404.10 406.39 408.01 408.04 408.26 408.54 409.03 410.15 411.31 411.32 410.10 409.55 409.83 410.28 409.54 408.35 407.47
 407.40 407.41 407.45 407.48 406.59 405.42 404.32 405.20 406.28 407.00 407.19 407.35 407.75 408.31 409.45 409.67 408.39 407.07 406.62 407.16 407.34 407.38 407.33 407.30
 407.09 407.01 406.79 406.62 406.43 406.20 406.11 406.30 406.64 406.89 406.96 407.06 407.26 407.67 408.39 408.27 407.25 406.30 406.20 406.19 406.27 406.48 406.74 407.03
 406.78 406.76 406.65 406.59 406.54 406.56 406.59 406.63 406.70 406.85 406.93 406.98 407.07 407.30 407.58 407.27 406.78 406.31 406.36 406.40 406.43 406.51 406.62 406.74
 406.69 406.69 406.69 406.69 406.69 406.69 406.69 406.69 406.69 406.69 406.69 406.69 406.69 406.69 406.69 406.69 406.69 406.69 406.69 406.69 406.69 406.69 406.69 406.69
 417.47 417.47 417.47 417.47 417.47 417.47 417.47 417.47 417.47 417.47 417.47 417.47 417.47 417.47 417.47 417.47 417.47 417.47 417.47 417.47 417.47 417.47 417.47 417.47
 413.38 413.71 415.58 417.09 416.61 416.15 416.86 418.36 419.09 419.25 419.28 419.06 418.73 418.29 417.20 415.74 415.36 415.82 416.78 417.02 416.89 416.73 416.51 415.07
 412.02 426.90 414.59 416.56 416.24 415.03 415.35 417.15 418.47 418.90 418.64 418.41 418.03 417.48 416.44 415.33 414.77 415.58 416.01 416.38 416.46 416.77 415.95 414.36
 412.74 413.73 415.75 417.62 416.22 414.63 414.54 415.90 417.40 417.50 417.18 416.91 416.70 415.94 415.08 414.29 414.73 415.19 415.56 415.67 416.23 416.05 415.45 413.96
 414.22 416.27 419.17 417.56 414.98 412.98 413.28 416.20 417.01 415.72 414.88 414.94 414.48 413.56 412.65 413.41 414.36 415.01 414.99 415.19 415.28 414.94 414.01 413.27
 412.16 414.97 416.17 414.87 411.29 409.57 409.62 410.90 412.02 412.44 412.34 412.20 411.68 410.83 411.24 412.95 414.98 415.64 415.18 414.66 414.66 413.56 412.13 410.93
 409.58 410.45 411.39 410.31 408.43 406.18 405.51 406.87 408.34 409.36 409.40 409.52 409.24 409.21 410.07 412.45 414.06 414.42 413.37 413.22 413.38 412.21 409.88 408.43
 407.61 407.82 407.88 407.92 406.83 405.17 404.05 404.89 406.12 407.04 407.42 407.87 408.16 408.39 409.44 411.08 411.80 411.00 410.41 410.59 410.91 409.82 408.30 407.32
 407.55 407.60 407.49 407.33 406.70 406.00 405.33 405.71 406.17 406.67 407.02 407.51 407.90 408.12 408.77 409.26 408.62 407.85 407.45 407.96 408.01 407.74 407.38 407.34
 407.32 407.27 407.05 406.91 406.73 406.62 406.55 406.58 406.74 406.88 407.06 407.33 407.67 407.92 408.25 408.10 407.54 406.99 406.87 406.89 406.85 406.86 406.95 407.20
 407.03 407.01 406.91 406.85 406.81 406.84 406.85 406.87 406.91 406.96 407.03 407.15 407.41 407.71 407.86 407.55 407.16 406.88 406.88 406.88 406.88 406.86 406.89 406.99
 406.99 406.99 406.99 406.99 406.99 406.99 406.99 406.99 406.99 406.99 406.99 406.99 406.99 406.99 406.99 406.99 406.99 406.99 406.99 406.99 406.99 406.99 406.99 406.99
 413.38 413.38 413.38 413.38 413.38 413.38 413.38 413.38 413.38 413.38 413.38 413.38 413.38 413.38 413.38 413.38 413.38 413.38 413.38 413.38 413.38 413.38 413.38 413.38
 411.22 411.12 411.62 412.04 411.31 410.99 412.13 414.03 414.97 415.08 415.15 415.25 415.52 415.62 414.13 411.02 409.28 408.36 410.04 411.61 413.40 413.80 413.40 412.32
 410.06 421.20 411.53 412.30 411.46 410.05 410.24 412.27 413.76 414.46 414.35 414.62 414.78 414.54 413.21 411.22 408.80 408.11 407.92 410.55 413.48 414.49 413.14 411.62
 410.53 411.26 412.61 413.43 411.93 410.39 411.15 412.56 414.29 410.48 413.56 413.83 413.89 413.54 412.63 410.89 410.85 409.59 409.65 411.50 414.24 414.25 413.04 411.52
 411.99 412.69 414.00 412.89 411.20 410.32 411.95 409.20 413.63 413.28 413.20 412.77 412.62 412.21 411.29 411.47 411.91 412.19 412.29 412.78 413.63 413.30 412.00 411.41
 411.13 412.26 411.93 410.91 408.98 408.37 410.17 411.85 412.59 411.33 410.94 410.98 410.84 410.52 410.81 411.89 413.33 414.04 413.67 413.06 412.25 411.33 410.55 410.42
 409.63 409.58 409.52 408.57 407.23 405.96 405.48 407.22 408.37 409.10 408.75 408.96 408.98 409.21 410.08 411.83 413.03 413.31 412.47 411.81 410.90 410.01 409.42 409.08
 408.24 408.18 407.96 407.80 406.61 404.95 403.85 404.80 406.17 407.09 407.26 407.48 407.78 408.27 409.43 410.90 411.44 410.79 410.27 409.89 409.48 409.21 408.84 408.49
 407.95 407.79 407.64 407.42 406.70 405.95 405.29 405.83 406.42 406.94 406.97 407.03 407.22 407.60 408.58 409.31 409.01 408.38 408.06 408.21 408.27 408.39 408.37 408.11
 407.55 407.45 407.26 407.12 406.86 406.70 406.69 406.81 407.00 407.10 407.09 406.99 406.98 407.16 407.74 408.10 407.98 407.62 407.50 407.55 407.57 407.64 407.64 407.65
 407.26 407.23 407.13 407.01 406.87 406.92 407.05 407.16 407.16 407.18 407.15 407.10 407.02 406.98 407.19 407.40 407.51 407.38 407.38 407.33 407.32 407.22 407.20 407.23
 407.13 407.13 407.13 407.13 407.13 407.13 407.13 407.13 407.13 407.13 407.13 407.13 407.13 407.13 407.13 407.13 407.13 407.13 407.13 407.13 407.13 407.13 407.13 407.13
 405.79 405.79 405.79 405.79 405.79 405.79 405.79 405.79 405.79 405.79 405.79 405.79 405.79 405.79 405.79 405.79 405.79 405.79 405.79 405.79 405.79 405.79 405.79 405.79
 406.15 405.56 405.75 406.14 406.35 406.02 405.37 404.85 404.94 406.02 407.87 408.88 408.91 408.30 406.79 403.25 401.01 400.32 401.96 404.35 406.67 407.82 407.43 406.93
 406.30 412.80 406.23 406.73 407.32 407.00 406.24 406.45 406.83 408.20 408.81 409.58 409.58 409.32 406.99 404.33 401.06 399.84 399.90 402.71 406.76 407.94 407.42 406.80
 407.33 407.46 407.33 407.75 408.20 408.55 408.02 408.43 409.50 409.91 409.82 409.94 410.14 409.89 408.41 405.73 404.97 403.14 402.61 405.31 407.45 408.28 407.78 407.56
 408.89 408.87 409.07 408.69 408.75 408.90 409.09 406.25 410.21 410.79 410.30 410.19 410.09 410.10 409.08 408.42 407.89 408.14 408.45 408.03 408.92 408.73 408.49 408.42
 409.35 409.83 409.47 409.14 407.98 407.52 407.32 408.75 409.66 410.37 410.05 409.77 409.71 409.87 409.53 408.98 409.08 410.23 410.40 410.15 409.11 408.99 408.82 409.09
 409.27 409.25 409.23 408.77 407.27 405.33 404.24 405.89 407.94 409.16 408.95 408.89 408.96 409.19 409.02 408.52 408.52 409.16 409.74 409.64 409.24 408.93 408.94 409.00
 408.71 408.56 408.36 408.21 406.80 404.82 403.52 404.90 406.83 408.08 407.96 407.96 408.14 408.51 408.38 408.07 407.85 408.25 408.46 408.56 408.59 408.67 408.80 408.83
 408.42 408.26 408.06 407.83 407.01 406.09 405.29 406.09 407.00 407.66 407.57 407.45 407.59 407.93 408.16 408.12 408.09 408.08 408.00 407.92 408.02 408.25 408.45 408.49
 408.03 407.92 407.71 407.55 407.30 407.10 407.03 407.24 407.53 407.69 407.61 407.45 407.37 407.63 408.04 408.24 408.18 407.96 407.78 407.67 407.72 407.82 407.93 408.05
 407.71 407.68 407.57 407.48 407.40 407.44 407.52 407.61 407.63 407.69 407.69 407.62 407.47 407.52 407.84 408.10 408.02 407.79 407.70 407.66 407.64 407.59 407.62 407.69
 407.61 407.61 407.61 407.61 407.61 407.61 407.61 407.61 407.61 407.61 407.61 407.61 407.61 407.61 407.61 407.61 407.61 407.61 407.61 407.61 407.61 407.61 407.61 407.61
 401.93 401.93 401.93 401.93 401.93 401.93 401.93 401.93 401.93 401.93 401.93 401.93 401.93 401.93 401.93 401.93 401.93 401.93 401.93 401.93 401.93 401.93 401.93 401.93
 403.66 403.00 401.31 400.65 402.36 403.81 403.57 402.02 401.57 401.88 402.77 403.19 403.24 403.12 404.07 404.34 403.34 402.05 401.16 401.93 402.58 402.82 402.19 402.89
 405.21 405.21 403.87 403.16 404.59 405.75 404.92 404.18 403.08 403.52 403.55 404.27 404.60 405.14 405.22 405.11 404.10 401.68 401.50 402.19 404.16 403.76 403.22 403.60
 405.86 406.79 406.45 406.22 406.09 405.78 406.57 406.32 406.81 405.44 405.32 405.75 406.36 406.87 406.83 406.04 405.44 404.45 402.69 404.48 405.41 405.26 404.38 404.94
 406.67 407.46 408.53 408.35 407.15 406.14 406.33 408.85 408.65 407.95 407.26 407.42 407.77 408.45 408.30 407.44 407.30 406.69 406.78 405.97 406.74 406.48 406.20 406.07
 407.69 408.67 409.38 409.51 407.73 406.03 406.99 408.68 410.07 409.35 408.68 408.46 408.74 409.31 409.17 408.62 408.10 408.54 408.14 407.77 407.10 407.52 407.51 407.57
 408.51 408.96 409.43 409.51 408.08 406.66 405.87 407.43 408.69 409.23 408.65 408.47 408.78 409.20 409.33 408.87 408.66 408.59 408.35 407.90 407.96 408.26 408.36 408.37
 408.60 408.65 408.67 408.75 407.99 406.84 406.06 406.88 407.92 408.50 407.93 407.54 407.69 408.46 408.86 408.90 408.76 408.59 408.16 407.94 408.17 408.49 408.61 408.61
 408.45 408.41 408.38 408.31 407.89 407.48 407.08 407.47 407.90 408.08 407.50 406.64 406.52 407.37 408.33 408.78 408.72 408.51 408.16 408.04 408.14 408.34 408.42 408.44
 408.24 408.22 408.10 408.01 407.92 407.91 407.95 408.03 408.06 408.06 407.63 406.87 406.17 406.64 407.81 408.59 408.63 408.34 408.13 408.01 408.05 408.11 408.18 408.25
 408.10 408.10 408.07 408.01 407.97 408.02 408.06 408.10 408.07 408.06 407.94 407.57 406.81 406.56 407.21 408.11 408.34 408.20 408.10 408.07 408.05 408.03 408.02 408.06
 407.89 407.89 407.89 407.89 407.89 407.89 407.89 407.89 407.89 407.89 407.89 407.89 407.89 407.89 407.89 407.89 407.89 407.89 407.89 407.89 407.89 407.89 407.89 407.89
 403.80 403.80 403.80 403.80 403.80 403.80 403.80 403.80 403.80 403.80 403.80 403.80 403.80 403.80 403.80 403.80 403.80 403.80 403.80 403.80 403.80 403.80 403.80 403.80
 404.65 405.24 405.64 405.96 406.61 406.57 405.90 404.92 404.73 404.74 404.87 404.61 404.28 403.97 404.51 404.51 403.91 403.35 403.34 403.55 403.38 402.87 402.60 403.50
 406.09 407.21 407.57 407.92 407.88 407.61 406.80 406.94 406.51 406.52 405.61 405.33 405.19 405.44 405.28 405.08 404.87 404.84 405.43 405.31 404.64 403.99 404.01 404.64
 406.62 408.31 409.74 409.88 408.73 407.76 408.96 409.46 410.03 407.81 406.64 405.98 406.10 406.40 406.34 405.80 405.88 407.05 407.11 406.39 405.83 405.46 405.33 405.68
 406.65 408.28 410.16 410.43 408.43 407.85 409.33 412.66 410.89 409.10 407.43 406.85 406.86 407.42 407.37 406.80 407.21 407.69 407.74 407.03 406.49 406.58 406.67 406.52
 407.56 408.41 409.56 409.81 408.11 407.14 409.42 411.03 411.24 409.32 408.28 407.70 407.81 408.30 408.15 407.80 407.23 407.35 407.16 407.04 407.16 407.65 407.88 407.60
 408.50 408.73 408.95 409.10 407.81 407.16 406.82 408.52 409.13 409.27 408.47 408.20 408.33 408.54 408.47 407.89 407.58 407.48 407.36 407.46 408.11 408.82 408.87 408.69
 408.93 408.90 408.78 408.73 408.07 407.17 406.56 407.26 408.14 408.69 408.25 407.92 407.92 408.23 408.14 407.87 407.68 407.74 407.73 408.08 408.73 409.21 409.25 409.07
 408.67 408.55 408.53 408.46 408.09 407.83 407.57 407.93 408.25 408.44 408.07 407.49 407.33 407.58 407.76 407.72 407.66 407.85 408.13 408.44 408.68 408.94 408.96 408.78
 408.41 408.39 408.33 408.30 408.18 408.28 408.40 408.51 408.45 408.47 408.24 407.75 407.22 407.25 407.51 407.71 407.80 408.07 408.29 408.39 408.45 408.53 408.58 408.53
 408.38 408.38 408.36 408.28 408.21 408.33 408.47 408.58 408.54 408.54 408.48 408.26 407.72 407.34 407.39 407.69 408.01 408.26 408.38 408.41 408.40 408.38 408.38 408.37
 408.28 408.28 408.28 408.28 408.28 408.28 408.28 408.28 408.28 408.28 408.28 408.28 408.28 408.28 408.28 408.28 408.28 408.28 408.28 408.28 408.28 408.28 408.28 408.28
 409.57 409.57 409.57 409.57 409.57 409.57 409.57 409.57 409.57 409.57 409.57 409.57 409.57 409.57 409.57 409.57 409.57 409.57 409.57 409.57 409.57 409.57 409.57 409.57
 409.36 409.75 409.21 408.56 409.31 410.65 411.90 412.56 412.98 412.79 412.26 411.23 410.29 409.82 411.76 413.40 412.97 410.56 408.68 407.79 407.68 407.31 407.25 407.92
 410.34 411.67 411.43 410.79 410.80 411.06 411.63 413.22 413.98 413.92 412.37 411.30 410.59 411.11 412.45 413.57 413.00 411.08 409.71 409.00 408.04 407.90 408.17 408.76
 409.96 411.70 413.31 412.89 411.78 411.51 413.59 415.14 416.23 413.60 411.62 410.19 409.99 410.24 411.42 411.84 410.99 410.71 410.54 409.14 408.51 408.51 408.82 408.82
 408.59 410.03 411.82 411.90 410.32 411.07 414.18 417.74 415.32 412.59 409.91 409.11 408.92 409.21 409.58 409.46 409.41 409.49 409.69 409.30 408.51 408.84 409.17 408.80
 408.76 409.02 409.63 409.50 408.45 409.05 412.75 414.43 413.58 410.38 409.07 408.64 408.64 408.77 408.58 408.34 407.97 408.19 408.41 408.55 408.82 409.25 409.58 409.06
 409.28 408.85 408.28 407.85 407.04 407.50 408.01 409.83 409.91 409.67 408.73 408.57 408.65 408.72 408.47 407.79 407.55 407.69 408.04 408.49 409.28 409.98 410.06 409.77
 409.55 409.16 408.58 408.06 407.50 407.08 406.81 407.51 408.42 408.99 408.59 408.29 408.26 408.38 408.00 407.53 407.27 407.53 407.88 408.62 409.50 410.09 410.23 409.96
 409.11 408.80 408.57 408.28 407.95 407.84 407.78 408.20 408.58 408.77 408.46 407.99 407.86 407.84 407.62 407.33 407.30 407.63 408.11 408.60 409.02 409.52 409.68 409.42
 408.71 408.62 408.53 408.46 408.35 408.46 408.62 408.76 408.70 408.68 408.45 408.13 407.79 407.62 407.44 407.36 407.51 407.95 408.30 408.45 408.59 408.80 408.96 408.90
 408.59 408.59 408.55 408.47 408.43 408.57 408.75 408.86 408.77 408.71 408.61 408.45 408.11 407.73 407.51 407.56 407.89 408.30 408.48 408.54 408.54 408.55 408.57 408.57
 408.47 408.47 408.47 408.47 408.47 408.47 408.47 408.47 408.47 408.47 408.47 408.47 408.47 408.47 408.47 408.47 408.47 408.47 408.47 408.47 408.47 408.47 408.47 408.47
 415.91 415.91 415.91 415.91 415.91 415.91 415.91 415.91 415.91 415.91 415.91 415.91 415.91 415.91 415.91 415.91 415.91 415.91 415.91 415.91 415.91 415.91 415.91 415.91
 416.68 418.91 419.79 418.24 416.29 415.06 415.54 417.00 417.68 417.44 416.78 415.90 415.25 414.77 415.86 418.34 418.63 417.69 415.55 414.26 413.26 412.35 412.33 413.31
 416.22 419.42 418.85 416.60 414.37 413.18 413.83 415.90 417.11 417.00 416.13 415.41 414.87 414.80 415.95 417.51 419.03 418.34 417.48 416.08 413.01 412.12 412.21 413.12
 414.02 415.48 416.36 414.46 412.92 411.64 413.67 415.51 417.14 415.49 414.62 413.90 413.60 413.27 414.17 416.03 415.76 417.05 417.44 415.04 412.70 411.58 411.73 412.01
 410.81 411.07 411.60 411.70 410.76 410.70 412.78 416.31 415.53 413.80 412.42 412.18 411.87 411.39 411.96 412.76 413.31 413.79 414.21 413.84 411.48 410.99 411.08 410.98
 410.02 409.60 409.66 409.57 409.20 408.82 411.06 412.63 413.35 411.42 410.82 410.81 410.53 410.16 410.13 410.39 410.37 410.73 411.24 411.36 411.02 410.50 410.55 410.29
 409.80 409.32 408.91 408.77 407.99 407.51 407.24 408.94 409.92 410.39 409.82 409.72 409.68 409.63 409.47 409.10 409.11 409.43 409.97 410.17 410.28 410.32 410.30 410.13
 409.62 409.38 409.08 408.91 408.03 406.86 406.11 407.09 408.46 409.41 409.10 408.94 408.97 409.15 408.97 408.72 408.60 408.81 408.94 409.24 409.68 410.01 410.13 409.96
 409.17 408.91 408.81 408.67 408.20 407.75 407.36 407.92 408.52 408.84 408.72 408.49 408.53 408.68 408.71 408.64 408.64 408.63 408.50 408.56 408.88 409.38 409.61 409.44
 408.74 408.65 408.55 408.55 408.48 408.48 408.52 408.64 408.60 408.62 408.48 408.41 408.32 408.42 408.56 408.63 408.63 408.51 408.38 408.26 408.45 408.74 408.96 408.95
 408.59 408.56 408.55 408.56 408.61 408.71 408.79 408.80 408.70 408.61 408.54 408.50 408.40 408.37 408.46 408.59 408.57 408.49 408.44 408.44 408.46 408.56 408.63 408.63
 408.59 408.59 408.59 408.59 408.59 408.59 408.59 408.59 408.59 408.59 408.59 408.59 408.59 408.59 408.59 408.59 408.59 408.59 408.59 408.59 408.59 408.59 408.59 408.59
 418.52 418.52 418.52 418.52 418.52 418.52 418.52 418.52 418.52 418.52 418.52 418.52 418.52 418.52 418.52 418.52 418.52 418.52 418.52 418.52 418.52 418.52 418.52 418.52
 419.02 421.14 422.30 421.08 418.59 416.95 417.44 419.41 420.27 419.66 418.50 417.55 417.29 417.05 417.32 419.77 420.66 420.55 418.27 416.93 415.91 415.11 415.13 415.95
 417.92 420.70 420.48 418.90 417.02 415.29 415.89 417.96 419.42 418.96 417.62 416.86 416.54 416.11 416.93 418.47 421.20 420.37 419.09 418.09 416.58 415.86 415.08 415.71
 416.03 416.67 417.38 416.30 416.21 416.56 417.83 419.04 419.67 417.29 416.33 415.63 415.12 414.42 414.98 417.41 417.82 418.84 417.97 417.52 417.00 415.54 414.48 414.28
 412.90 413.01 413.03 413.68 414.81 416.77 419.82 421.10 418.44 416.06 414.42 414.02 413.37 412.44 412.99 414.20 415.23 415.17 415.92 416.28 415.14 414.10 412.80 412.79
 411.19 411.03 411.39 411.87 412.44 413.79 415.97 416.73 415.87 413.52 412.72 412.38 411.70 411.00 410.96 411.36 411.62 412.54 413.27 413.80 413.04 411.84 411.30 411.03
 409.97 409.98 410.50 411.22 410.44 409.15 408.34 409.96 411.07 411.60 410.90 410.61 410.40 410.26 409.99 409.58 409.75 410.40 411.41 411.62 411.26 410.68 410.34 410.10
 409.31 409.43 410.08 410.84 409.52 406.91 405.22 406.45 408.25 409.55 409.27 409.14 409.26 409.58 409.38 409.05 408.89 409.22 409.47 409.74 409.95 410.04 409.94 409.66
 408.95 408.88 409.35 409.82 409.07 407.80 406.76 407.39 408.16 408.57 408.49 408.30 408.44 408.84 409.06 409.04 409.01 408.90 408.54 408.46 408.76 409.26 409.48 409.24
 408.61 408.52 408.68 408.85 408.78 408.46 408.27 408.34 408.36 408.39 408.25 408.14 408.05 408.32 408.77 409.00 408.91 408.53 408.15 407.96 408.21 408.59 408.91 408.86
 408.49 408.40 408.41 408.52 408.62 408.68 408.67 408.63 408.51 408.39 408.33 408.27 408.10 408.15 408.46 408.75 408.57 408.26 408.07 408.03 408.18 408.43 408.62 408.61
 408.41 408.41 408.41 408.41 408.41 408.41 408.41 408.41 408.41 408.41 408.41 408.41 408.41 408.41 408.41 408.41 408.41 408.41 408.41 408.41 408.41 408.41 408.41 408.41
